1.09698	-16.0919
0.0991266	-2.68525
2.68859	-0.986342
-1.349	-2.63901
2.7058	-6.26357
-5.18421	-5.04294
-1.64592	-4.62193
-5.80842	-5.19586
1.86958	-3.00766
3.42908	-4.20628
-0.340651	-5.83202
4.05146	-5.07472
2.9508	-5.99772
1.71358	-4.65862
4.45352	-3.28501
-13.1508	-24.4235
-15.9253	-27.8858
-19.9337	-22.2845
-14.9893	-31.2104
-16.9102	-30.2381
-15.5671	-29.1744
-13.6344	-30.6394
-13.169	-28.6965
-6.59012	-28.2484
-2.11363	-20.235
-2.3444	-20.8286
-2.34963	-22.6665
-0.451609	-23.3197
1.20968	-22.8635
2.02969	-23.5934
5.70256	-24.5631
5.31348	-23.284
6.86272	-23.6655
6.64292	-23.5238
8.33381	-24.2681
7.12798	-25.4217
1.25497	-17.819
-0.954801	-22.7906
-0.806704	-28.3955
-1.72417	-32.1005
-2.02776	-34.261
-0.998539	-37.0951
-1.53017	-38.6502
-4.96441	-37.3653
-4.62118	-36.9266
-6.54034	-35.1036
-5.66898	-35.4549
-0.499612	-23.5193
-2.09072	-33.2742
-1.84785	-38.595
-3.53555	-37.9673
-6.67819	-35.9834
-9.63064	-37.4926
-9.6045	-37.1202
-9.21959	-36.3011
-8.97233	-37.0637
-6.08706	-37.917
0.900363	-38.5908
1.31262	-33.0156
-3.39155	-24.8683
-5.12171	-26.5065
-3.50685	-30.7403
-2.75521	-30.6654
-2.3389	-31.323
-1.36267	-31.083
1.79332	-32.5074
1.16798	-30.998
1.87168	-21.6966
-1.61695	-17.9348
-3.04991	-20.3372
-4.34007	-18.9559
-5.03677	-19.9543
-4.01502	-21.6448
-4.2444	-23.7638
-4.05073	-27.3322
-6.87819	-25.9781
-7.11288	-24.759
-9.85882	-15.7056
-9.6478	-14.8464
-5.82761	-16.5124
-5.00788	-23.8272
-6.74408	-23.6374
-7.66681	-26.1108
-7.72767	-26.8943
-10.0286	-26.8293
-9.57778	-28.4066
-7.25085	-32.2021
-5.2189	-33.6351
-3.52733	-30.7125
-2.06755	-28.902
-6.89185	-26.1197
-7.61373	-20.1818
-6.76052	-21.3299
-10.9156	-18.7005
-11.447	-13.8825
-6.35787	-13.4864
0.501012	-13.0108
0.521649	-4.68416
-6.88516	-8.97615
-15.4662	-6.66686
-6.13058	-4.80737
4.09808	-7.94909
-2.75252	-11.1584
-0.994744	-15.8892
2.05832	-12.4569
0.464402	-26.1883
0.374436	-25.7237
0.0128352	-22.6198
-4.94427	-22.7537
-6.3228	-21.4921
-2.26143	-23.7579
0.909032	-27.3735
-0.715679	-25.7972
-3.60487	-19.8929
-2.54808	-15.2223
1.14715	-16.3026
7.6719	-7.36051
0.28068	-3.44159
-3.67553	-8.26862
-13.8087	-13.4217
-13.8567	-5.39557
-13.164	-3.50744
-10.602	-3.56931
-18.42	0.496473
-13.5181	-8.39266
-13.4688	-14.7618
-2.67617	-11.4622
-4.34511	-21.6154
2.4822	-13.2005
3.21112	-9.67688
4.42615	-9.93969
3.80422	-5.62338
5.17397	-3.85315
2.81187	-0.708495
9.51323	-1.09886
7.52283	4.06979
3.59421	-1.71845
-1.08698	-11.0913
2.03048	-19.6064
-0.349098	-27.4564
5.22342	-22.9069
5.0979	-10.4274
-1.60733	-10.1013
-7.46815	-22.4031
-4.62232	-28.2946
-8.30133	-26.8944
-7.46712	-27.8514
-6.56959	-28.5588
-4.32376	-28.3561
-5.15785	-27.1666
-9.5153	-22.4055
-11.1563	-17.5663
-11.8567	-12.4215
-12.3578	-7.79175
-9.59585	-4.74443
-12.8906	-0.760265
-14.6449	2.26822
-15.7597	0.522389
-16.9152	-0.795364
-19.8641	-3.24413
-12.6763	-1.13882
-1.70658	-6.37389
-1.30534	-5.69097
-4.84336	-10.7472
1.24488	-6.66202
4.66263	-7.38991
3.23806	0.229359
3.95025	0.981367
1.29446	-10.1495
3.39195	-12.3607
2.16976	-11.1194
3.53693	-16.4187
10.905	-11.5057
7.42548	-16.7758
-0.15652	-27.8486
-11.0452	-25.2187
-11.2494	-18.5764
-9.50688	-15.418
-8.88236	-8.85847
-4.64977	0.186679
-13.1105	-5.2824
-8.0631	-3.39019
-12.0295	3.2034
-7.94109	-1.15218
-1.62988	-0.46886
-6.08851	-2.70597
-5.45501	2.67166
-5.71221	5.39635
1.3582	5.62986
-0.112304	3.69738
3.01657	2.53517
3.23684	2.54499
2.45931	5.02434
4.48076	-2.77033
2.74144	-5.13694
3.54148	-5.88929
-1.40562	-2.39038
2.36416	1.81093
6.18416	-1.07727
3.61228	-3.13083
0.447346	-6.84398
-0.865079	-3.83186
4.94392	-3.27563
-0.160721	-6.15267
3.4576	-2.55711
-1.67306	-3.40727
-1.78832	-6.94852
1.24562	-2.14167
3.88939	-1.83089
5.37474	0.634984
4.07945	-7.01666
3.08814	-9.97906
5.43691	-11.0667
2.42212	-10.1644
5.92554	-5.62703
5.97577	-3.27055
-1.15739	-8.39765
-8.92562	-20.8388
-4.75734	-24.7436
-3.21589	-30.28
-9.24305	-26.3488
-5.4604	-18.019
-9.31403	-8.11577
-9.45429	-13.3141
-9.03738	-17.768
-9.89512	-21.6307
-10.2125	-22.0832
-9.74979	-24.256
-7.46642	-26.9762
-7.92489	-27.8661
-6.75331	-30.6573
-5.21386	-32.8515
-4.24803	-35.4002
-3.30253	-36.0163
-1.95076	-35.9854
1.03265	-37.5833
3.16925	-36.9227
2.39114	-37.4792
2.20819	-37.0068
1.05025	-34.9724
-2.51704	-34.5125
-3.86411	-35.0934
-5.06558	-36.1658
-5.67946	-38.1297
-5.80852	-35.7327
-6.78774	-28.1609
-10.1085	-21.2104
-14.5653	-14.9733
-19.674	-13.1877
-20.9586	-14.0071
-22.4065	-16.527
-17.6433	-18.9644
-9.87539	-21.427
-7.08674	-16.651
-2.67899	-2.91365
-0.845758	-14.0226
-8.62449	-16.4895
-5.16128	-16.0179
-8.17738	-14.0552
-5.59014	-18.45
-3.80805	-25.0639
-3.87122	-26.4427
-4.69783	-26.2878
-7.4452	-28.1812
-8.61102	-27.8257
-8.75785	-27.9798
-10.6337	-25.633
-10.0087	-21.5847
-10.5056	-19.9044
-9.405	-15.8877
-9.96827	-13.5584
-8.52832	-13.3077
-8.01512	-14.5769
-9.20991	-14.0557
-9.32397	-14.1796
-8.24594	-15.1982
-7.09677	-18.3649
0.978379	-22.9291
8.23114	-22.1559
6.30081	-23.1768
8.63566	-23.459
8.24756	-25.6349
8.52871	-24.2522
8.13903	-24.8205
-2.70294	-18.3941
-3.2301	-17.0094
-1.72908	-20.5931
-0.70625	-23.2686
3.40258	-25.048
6.00429	-24.071
6.04091	-27.037
4.13461	-27.5061
4.33092	-28.697
-1.93723	-23.8883
-2.30731	-23.3315
3.38393	-21.0589
5.4618	-22.9355
-1.40787	-19.5948
0.702961	-14.4974
4.87051	-11.4328
5.03933	-12.3902
-3.85493	-21.9961
-3.31029	-21.8348
-0.19254	-23.4705
-0.85609	-29.9834
-3.57356	-24.2731
-4.71063	-22.1977
-2.00973	-23.6167
-6.56827	-18.5089
2.15823	-11.3907
2.62684	-9.70553
-0.136	-11.5648
4.42512	-14.1839
-1.05742	-16.3727
-3.94416	-19.3909
2.66094	-13.3192
-8.80562	-15.3214
-11.9397	-13.3898
-12.4881	-12.9072
-12.0551	-13.2533
-9.42008	-12.9371
-5.52176	-9.06757
5.69659	-5.1637
3.57408	-17.8046
1.46679	-11.9506
-6.55303	-20.9151
-5.38276	-17.9262
-0.700149	-10.0674
3.06753	-8.87491
-4.436	-17.7089
-10.7084	-13.4025
-3.9108	-22.2012
-11.7558	-14.1376
-5.88426	-18.5007
-8.64157	-11.6538
-6.60955	-5.14732
-9.79815	-5.11495
-12.5471	-4.91881
-14.7514	-6.41811
-15.615	-9.48138
-15.7978	-4.20346
-10.9713	-13.3473
-10.1597	-10.9162
-8.39159	-9.99852
-4.55687	-20.5108
-11.0742	-22.392
-3.34891	-26.3264
-7.41604	-20.3048
-4.69656	-22.5041
-9.9891	-18.997
-6.81539	-13.3334
-7.60969	-3.00638
-7.08887	-2.93747
-6.737	-9.71188
-6.524	-10.6436
2.06302	-8.6497
-3.57842	-9.27568
-6.14273	-9.78991
-6.64015	-7.533
1.33272	-13.3635
-0.877002	-15.613
-0.626598	-15.8514
-5.55656	-16.4913
-2.82391	-15.7217
1.14946	-17.5838
3.38663	-26.0701
6.80275	-28.0501
6.57769	-26.8931
3.37983	-29.2367
-0.261125	-26.1387
-6.94089	-23.4792
-13.5403	-21.7136
-14.0393	-20.3897
-9.62128	-25.6536
-1.21976	-25.6431
-0.0117689	-24.164
2.93198	-26.4558
2.61342	-24.424
1.59855	-22.29
3.82116	-21.5147
2.46721	-12.584
1.57752	-12.3832
5.22866	-12.8121
2.49755	-11.4388
4.0182	-6.44563
-7.40199	-13.8598
-4.95721	-13.7857
4.08029	-0.543208
0.672315	2.85096
-10.4901	-17.7335
-11.9751	-21.7099
-10.4717	-20.8144
-4.77469	-15.7812
0.0410435	-4.79037
2.52105	-0.551748
-5.00532	-7.40009
-6.18352	-14.2417
-8.20489	-8.30687
-3.84307	-5.52117
0.366133	-3.27
1.72624	-7.69712
1.45225	-16.3322
-1.66636	-16.4827
-9.04421	-16.85
-4.18425	-15.8267
2.97129	-1.0066
-1.84113	-11.9974
-5.10489	-14.134
-3.18903	-13.2927
-4.64429	-11.7811
-3.55377	-12.8434
-4.55767	-9.84167
-4.15727	-10.4675
-5.15247	-10.7889
-4.50262	-12.4432
-3.09651	-15.493
3.29644	-24.0782
3.82257	-26.6292
1.94358	-23.4501
0.968124	-18.7465
-0.736487	-18.3461
-2.26637	-19.0676
-3.18326	-18.4172
-0.471587	-20.0566
-2.14755	-23.1159
0.526104	-12.9987
4.77158	-9.81174
8.69348	-4.77921
4.02961	-8.03697
5.14919	-7.34474
3.50386	-2.11354
3.16421	-1.95462
4.87707	-6.1601
-0.00405969	-7.91092
4.49937	-0.348739
3.01349	-2.28977
-0.127862	-2.92098
0.714853	-7.67439
-0.330689	-6.48813
0.508466	-5.5497
-1.58018	-6.60798
-5.20997	-25.0184
-6.10288	-25.8982
-4.90341	-33.997
-5.9799	-34.134
-4.39359	-31.3892
-6.85901	-26.0636
-5.69139	-21.1626
-2.59738	-10.2018
-3.18188	-7.5287
-2.13981	-6.584
-9.51296	-10.6761
-8.00089	-6.41719
-2.14873	-11.4668
-8.37313	-8.0241
-6.3777	-8.41342
-3.35439	-11.0797
-4.42509	-4.03773
-0.240894	-3.747
-0.602683	-0.399102
-2.45401	-3.01569
-11.5699	-17.383
-16.277	-16.2804
-16.5529	-14.9254
-15.6387	-14.838
-18.4407	-16.3835
-18.461	-13.9284
-15.5691	-16.8218
-13.6198	-19.3637
-8.0631	1.838
-6.79936	-2.30733
-3.99298	1.68378
-16.1805	-7.27523
-8.14878	-3.95568
-1.61609	-9.09966
-11.7824	-25.3889
-6.52314	-28.9327
-1.67674	-32.2587
-2.15586	-24.5057
1.96746	-21.5733
7.86106	-26.0832
4.68764	-24.7134
6.75046	-21.3908
2.96288	-18.8374
-1.32104	-16.7929
-0.779062	-15.5663
-1.84251	-12.7491
-6.25925	-18.0388
-8.0581	-17.8239
-8.76818	-16.3757
-11.7096	-13.3552
-11.4646	-13.8883
-12.8283	-11.5142
-13.7791	-9.33582
-6.41743	-7.62956
1.01487	-6.69924
-3.48691	-4.87772
-10.2109	-11.3306
-21.51	-7.51794
-6.28859	-15.5943
-13.571	-28.3265
-13.1978	-27.7592
-13.5474	-25.8362
-13.4451	-20.1732
-13.6941	-17.2344
-13.9629	-15.481
-10.1739	-14.7658
-7.80426	-10.3594
-5.01546	-6.78349
5.73955	-5.67646
4.97478	-3.8213
4.51825	-8.62082
-0.743322	-11.3759
0.594602	-12.3899
1.09323	-17.677
-1.90623	-22.3924
2.07679	-25.0461
3.40351	-18.8403
5.32223	-30.2366
-0.55937	-32.75
-1.39777	-34.1101
-0.612693	-33.2034
-0.406002	-33.4593
0.374166	-31.0595
0.812157	-24.1878
-1.83853	-14.4063
-7.72606	-7.26009
-8.44564	-10.3007
-12.4302	-13.8261
-15.1891	-13.4425
-14.7964	-18.1397
-18.7648	-14.8958
-14.8311	-14.1119
-11.7524	-14.8368
-6.75447	-19.2011
-1.84095	-22.7569
-1.11697	-6.04904
3.66524	-15.3428
-1.68991	-13.3929
2.78513	-9.71231
-1.83909	-13.8181
-7.94289	-16.5621
-7.15522	-18.5176
-6.02779	-21.3712
-2.57489	-23.9046
-1.9839	-27.4974
-1.17318	-29.5909
-0.824428	-32.1418
-0.744429	-35.7307
-0.975826	-34.5549
-2.2329	-31.1116
-3.01972	-28.1939
-3.39626	-26.0893
2.34691	-25.6108
3.98499	-26.3067
5.96125	-29.3011
5.97968	-29.4172
4.55109	-27.7212
2.76247	-27.6127
2.58637	-25.4762
3.04122	-20.3657
0.660708	-19.1691
2.52921	-22.751
1.07358	-19.1496
-0.808145	-11.3617
4.53009	0.335383
-11.5553	-4.26421
-10.9758	-9.89837
-13.8672	-9.60694
-13.2075	4.91205
-14.7169	1.95035
-19.6951	1.09502
-9.70391	4.02734
-17.0914	-5.44725
-12.3105	-6.26134
-3.53507	-4.98476
1.8306	-3.82136
-2.08329	-6.73177
-6.56671	-8.15494
-7.70555	-7.68663
-6.33918	-8.67882
-6.05014	-7.62806
-6.28048	-9.72253
-6.21161	-7.99291
-5.15591	-10.2535
-1.76879	-8.34369
-3.92581	-7.97712
-4.23554	-6.61834
-7.33563	-4.74124
-9.04541	-4.834
-6.41985	-8.58405
-3.70003	-4.54253
-4.49852	-0.911898
0.410983	-1.70507
1.02125	0.609544
3.25246	1.63968
8.51249	-8.53713
0.611342	-5.26799
3.6651	-3.10194
5.67244	-4.23962
-0.537496	-5.07943
5.12906	-5.4771
4.42964	-5.50608
4.49723	-2.97095
3.7159	-0.332204
0.223849	-8.96898
4.24928	-2.75335
0.293459	-7.11447
0.555084	-2.66584
1.86761	-5.22725
3.73259	-4.8122
2.07316	-6.51
-2.95543	-7.50819
5.35161	-2.17937
8.58991	-5.81751
4.02962	-17.1358
-0.482989	-18.6845
2.18202	-21.5532
3.93791	-23.0176
4.24296	-17.5775
1.20874	-15.2548
0.990856	-17.1447
9.12369	-27.6256
6.88241	-33.0278
9.20164	-29.4374
7.85961	-27.0276
2.40326	-25.1114
-2.67246	-19.5147
2.45952	-19.5072
1.54408	-9.98438
0.871821	-4.36534
-1.07555	-3.82572
-8.55048	-11.731
-8.64653	-8.44101
-10.4745	-8.53923
-13.2197	-13.2272
-11.1966	-12.6008
-9.56162	-12.4966
-11.7019	-17.8305
-4.13528	-22.5077
-0.679416	-31.6568
-0.569969	-34.5464
-2.04671	-33.4573
-0.286329	-35.5005
-0.665762	-35.3367
-1.55381	-34.9281
-1.00314	-36.4734
-1.40581	-34.7544
-2.31868	-34.009
-0.681002	-29.8927
2.67408	-24.9038
1.49861	-24.6476
1.76271	-28.753
0.415612	-29.0382
0.338531	-27.2708
2.70156	-28.1295
0.50408	-28.8633
-2.24276	-30.3143
-1.17991	-30.6443
-5.74298	-25.1866
-6.65275	-20.3995
-6.214	-19.905
-7.56753	-15.1419
-6.15217	-14.9699
-0.923091	-22.7898
-1.17163	-22.8114
2.0006	-19.4321
-8.75585	-13.5225
-10.4344	-10.7248
-14.8341	-12.0421
-6.89708	-20.892
-5.49158	-26.2732
-7.06145	-24.5286
-6.56467	-21.6914
-6.07103	-19.5499
-5.7114	-16.5176
-7.90155	-14.0065
-11.0432	-11.8085
-15.0934	-10.7613
-10.0024	-18.2222
3.10352	-0.910895
-3.31718	-16.2337
0.613473	-22.9571
-6.25774	-18.337
-6.7213	-20.8024
-5.71424	-18.4835
-0.44169	-12.5745
-3.10455	-32.0051
-3.93724	-35.6313
-8.35009	-38.1969
-7.56411	-37.2918
-1.23224	-33.0176
2.60871	-35.6073
-1.30873	-22.3391
5.04723	-12.5603
2.21863	-11.8181
2.7385	-18.9967
-0.259809	-18.8852
-5.3799	-28.7899
-0.883027	-20.3455
-3.99316	-22.4013
-6.92578	-18.2364
-7.47738	-15.3694
-8.5654	-13.1895
-10.6334	-14.1673
-3.56011	-23.0209
5.10193	-20.6875
4.33431	-19.1089
5.15726	-18.9898
4.28029	-19.7188
4.25134	-22.5096
2.72412	-21.4915
2.73524	-21.8289
-4.37267	-21.3546
-7.19644	-25.8426
-9.7273	-25.6545
-11.605	-22.1446
-10.0925	-22.7781
-11.3023	-19.4518
-5.83132	-19.1205
0.812155	-17.8563
6.35736	-20.8777
7.3964	-25.4098
3.02688	-23.0819
1.48616	-18.329
-0.746604	-15.7093
3.2332	-16.5077
5.36747	-15.8436
4.82615	-10.1187
9.18314	-4.36193
6.7559	-5.1839
8.82861	-8.05124
5.53984	-11.972
9.56111	-10.7848
-5.15384	-2.90442
-15.2641	-15.4144
-9.80606	-18.3256
-5.51699	-24.538
-2.73112	-33.4743
-2.49325	-34.4134
2.06959	-38.6773
0.542472	-38.6783
1.04459	-39.0529
0.972502	-34.089
2.02383	-27.1938
4.85733	-16.7325
3.74423	-14.207
-0.141894	-18.6289
0.366523	-20.2966
-1.59914	-13.4437
1.30622	-10.7833
-1.81769	-13.688
1.18121	-9.02256
-6.26144	-15.9589
-5.53926	-17.408
-6.34843	-16.2282
-4.84837	-22.7475
-9.68429	-21.5391
-6.36625	-23.7346
-4.97624	-25.1351
-5.11899	-23.8245
-10.4647	-18.0761
-14.9286	-16.2968
-5.28498	-13.6678
-6.3534	-10.107
-12.3861	-12.1592
-7.50074	-8.82242
-7.1683	-5.89298
-12.7518	-10.7068
-9.76104	-12.3306
-3.03594	-5.83268
-5.46567	-10.0715
-8.69693	-9.59269
-5.62889	-2.20787
-7.49276	-0.261034
-7.96937	-2.95986
-12.6729	-14.0081
-9.28796	-11.3927
1.17837	-22.2046
7.71937	-15.9732
3.23511	-8.96665
6.51895	-15.9153
-5.26673	-19.4377
-6.37935	-23.17
-11.456	-18.007
-14.9471	-15.5058
-16.7435	-12.7925
-20.6269	-9.95682
-21.0999	-7.72931
-15.372	-15.543
-15.872	-15.5769
-15.9205	-16.1292
-17.3215	-14.6683
-16.6535	-12.0682
-17.1533	-10.1763
-15.1036	-8.07215
-12.6613	-6.81785
-9.23043	-6.36009
-9.54664	-9.90822
-9.46572	-3.13553
-7.50515	-8.31255
-5.98883	-7.92659
-5.4961	-4.75231
-6.28325	-8.12664
-5.34275	-9.76553
-5.00719	-15.7345
-2.53066	-19.1212
-4.80821	-19.1698
-1.53733	-5.95004
-5.11889	-7.14089
-6.44419	-5.36243
-4.48936	-0.876875
-5.71223	-3.63601
-3.83979	-9.50812
0.176547	-5.75085
-3.61985	-3.45756
-4.16327	-6.1515
-4.58521	-5.34434
-1.52345	-2.31779
-9.64436	-4.46441
-14.1898	-6.18039
-9.47039	-12.9062
-10.3998	-2.94185
-16.5923	-4.66682
-10.6264	-4.81379
-14.2609	-1.4006
-13.0184	-1.04466
-14.9877	-9.15821
-15.8254	-12.2753
-15.0265	-7.81383
-10.6203	-3.30288
-8.45451	-2.64293
-8.5097	-3.09824
-6.54188	0.215042
-0.527172	2.31248
-3.69279	0.0750528
2.72277	-5.08006
-1.26922	-10.7103
1.09527	-0.646107
-0.123535	-6.13133
-0.236688	-7.92199
2.36873	-5.06477
0.722867	-2.98733
1.20792	-4.30405
2.81652	-2.23287
-2.55698	-4.09226
-0.361775	-4.7044
-4.76722	-1.50169
0.221	-8.93433
1.54282	-5.94104
1.63612	2.21118
4.53688	-3.64849
-0.629318	-0.277185
0.849102	-3.2185
1.99802	-7.72869
1.70427	-1.41915
2.04988	-5.44232
3.53156	-13.1534
-1.25741	-21.0018
2.10399	-20.221
-5.20451	-8.3121
-8.47605	-10.1509
-5.01188	-15.6298
-9.02054	-16.5924
-12.5488	-15.6475
-15.4045	-12.1579
-14.8587	-13.2431
-17.669	-11.027
-16.6369	-12.1675
-10.0749	-17.6498
-5.57345	-9.14328
0.780685	-6.14052
-4.24029	-5.77549
-0.514483	-6.5788
-2.66009	-5.40052
-7.32564	-2.07616
-6.25819	-5.42056
-3.88377	-4.87818
-3.25542	-5.86438
-6.3568	-11.5537
-12.7484	-11.2033
-14.1631	-11.9764
-14.9443	-7.10227
-13.4028	-6.78588
-9.17858	-8.35146
-5.78852	-13.005
-3.29279	-15.288
-4.76413	-13.7695
-0.58452	-18.7556
-2.66423	-17.3177
-2.10347	-20.1989
-4.93864	-21.5898
0.473282	-23.5902
-6.42935	-19.835
-6.6304	-21.6845
-8.12518	-18.3779
-11.0818	-13.2818
-9.51798	-11.4249
-12.8474	-12.3725
-7.49999	-14.2592
-12.2533	-12.8321
-13.2821	-6.03343
-12.9915	-12.1405
-11.6843	-12.8581
-16.3659	-10.4478
-15.5008	-12.4473
-16.1048	-11.597
-16.0445	-13.5779
-12.5538	-17.7285
-12.2472	-18.9724
-9.42654	-14.5708
-4.86759	-6.62826
-10.3202	-2.79627
-10.9645	-3.94281
-20.772	-0.642054
-16.9925	-4.40114
-8.52759	1.95906
-10.8113	3.88859
-5.9587	-5.21294
-11.3656	-7.99762
-9.43356	-5.60207
-5.07416	-7.89664
0.476967	-6.0322
0.444164	-0.449551
-8.32162	-4.21966
-2.03958	-14.8656
-6.1449	-22.29
1.13312	-25.2409
1.47589	-26.1322
-1.81708	-26.3488
-1.72613	-27.1918
-1.97426	-28.6953
-6.15583	-26.3626
-9.68667	-24.1438
-11.4971	-22.8358
-12.1277	-25.0254
-13.2463	-22.446
-11.8965	-21.3906
-8.46359	-26.3216
-7.8075	-24.3296
-5.76909	-20.423
-6.70686	-15.3925
-7.48682	-15.5695
-8.20177	-16.9129
-4.16922	-18.3484
-1.10016	-23.5168
0.0893685	-20.6477
-0.643719	-15.9115
-4.49158	-16.9417
-5.53986	-12.6317
-10.4857	-12.5302
-12.6117	-12.9822
-15.0091	-10.8748
-15.5164	-8.36364
-13.502	-10.5844
-11.2769	-13.2101
-15.445	-11.3835
-15.9582	-12.1451
-20.5631	-14.1532
-23.6376	-19.4919
-18.2885	-22.8083
-19.1979	-18.0593
-16.6622	-18.968
-18.0931	-24.3763
-16.3071	-24.7034
-19.4145	-29.4228
-20.7142	-17.7418
-18.2757	-12.6523
-13.2604	-11.794
-8.17636	-10.2591
-1.43865	-13.0588
0.6269	-17.1404
0.658304	-21.5688
4.16819	-30.3228
2.86272	-19.347
-0.917175	-16.6465
-3.49651	-12.5242
-4.6801	-11.3188
-4.08905	-11.6812
-1.94885	-19.6865
0.486951	-25.4399
0.661533	-27.93
2.14826	-26.6919
3.68659	-25.2057
4.42953	-22.8627
-1.45955	-15.2495
-1.64563	-16.4087
-1.28695	-11.2262
-2.22032	-1.77413
3.51251	-2.89236
6.83668	-3.28171
1.37754	-3.52123
1.61966	6.50566
1.20461	-0.471392
4.27963	-2.0819
-2.6419	-1.35216
-4.28157	-0.991754
-2.38135	-2.05309
-0.967088	-8.88406
5.79968	0.921348
4.17063	-7.08011
2.72244	-6.11304
2.1647	-5.42689
1.40198	-2.53637
2.92182	-9.08512
5.58827	-1.79042
-0.765991	-4.9309
2.18044	-5.4026
7.77106	-6.12739
5.28522	-3.33899
6.49135	0.682151
5.2639	-6.82129
4.01579	-3.45772
4.66028	-5.38248
4.42179	-5.84769
3.2079	-2.15241
6.74632	3.39471
10.0912	-2.58351
7.41024	-2.28986
7.96454	-5.21297
5.97979	-1.87361
6.3879	-1.32105
6.28596	-4.33214
-4.85091	-15.2147
-9.76099	-20.369
-4.24076	-4.92119
3.78983	-1.20926
-7.51922	-13.6144
-11.73	-10.473
-15.8436	-11.7428
-15.6355	-14.5812
-16.2933	-15.7234
-13.4361	-18.541
-15.0111	-18.3441
-13.0052	-19.628
-13.1198	-16.5878
-10.9692	-15.3501
2.32242	-22.3509
4.34073	-21.6907
4.64262	-23.3634
4.72452	-27.1638
2.7665	-27.9058
1.76419	-28.4578
3.36152	-27.52
3.82716	-29.2121
-2.86155	-19.0344
-7.51288	-21.6366
-8.78182	-19.9596
-9.7044	-20.1163
-7.59855	-17.2093
-7.10355	-22.3061
-8.5005	-23.9608
-9.73707	-22.089
-9.69117	-17.8146
-10.0735	-16.9871
-9.70445	-14.0165
-9.74988	-14.2885
-11.7426	-13.2261
-13.2379	-12.6984
-15.0007	-12.0471
-15.6257	-13.8346
-12.0016	-14.8084
-0.674913	-11.3235
-4.12999	-11.6575
-4.77315	-6.81878
-4.6683	-15.0591
-7.11817	-16.6882
-5.31011	-7.60024
-6.41416	-8.07539
-6.61273	-11.4954
-7.36296	-14.4322
-6.21933	-12.1455
-5.67603	-7.47026
-10.7896	-20.116
-8.39181	-19.1183
1.13999	-26.1029
-6.19688	-18.084
-7.0494	-22.4415
-9.7228	-19.4533
-11.507	-15.3971
-7.94863	-14.5861
-9.68247	-12.9551
-6.69002	-14.4226
-6.30225	-14.2193
-4.47673	-16.4314
-6.81303	-11.6822
-10.2118	-9.70266
-14.5523	-12.2211
-10.6505	-15.978
-14.4127	-15.2973
-5.71703	-15.3668
0.0893418	-8.12087
-6.67394	-8.93471
-5.44917	-11.1072
-7.77523	-8.10143
-4.8738	-3.78977
-3.61242	-8.15648
-8.85614	-19.1147
-12.1813	-19.2951
-15.0668	-23.2772
-2.69398	-15.2547
-1.72418	-17.4742
2.68099	-20.0505
-2.09272	-31.7963
-2.42295	-31.4214
-2.15018	-27.2323
-0.162946	-29.0851
2.99602	-31.7464
5.67752	-32.6001
3.75278	-28.7979
2.64575	-25.6228
1.45589	-22.8105
1.14444	-21.084
0.0525423	-20.6417
-0.507421	-22.7762
-1.71685	-22.5128
-5.09201	-19.158
-7.41275	-18.7048
-9.01243	-17.3874
-7.00403	-20.7354
-5.37103	-23.6255
-1.09442	-16.0519
-1.12408	-10.0323
-3.28356	-4.74185
-6.35187	-9.24682
-12.7456	-10.1424
-9.21575	-8.6871
-12.9535	-5.265
-8.70909	-10.9822
-6.62927	-7.64834
-12.3738	-12.3515
-8.48279	-11.8762
0.120643	-10.6613
4.56961	-17.0688
-1.66402	-25.6142
-5.91333	-24.5762
-8.58933	-21.9172
-7.6136	-19.3664
-6.11916	-20.0318
-7.67312	-17.3963
-5.66394	-19.2205
-12.8772	-11.7782
-12.9428	-5.3398
-13.1405	-6.03703
-13.5595	-7.76585
-6.99111	-10.787
1.97325	-14.3014
0.0483298	-10.5632
-3.48341	-12.4012
-1.7249	-6.73197
1.83261	-11.2886
0.276301	-14.6285
2.76355	-11.1784
-4.53564	-16.4073
-4.29526	-17.8848
-1.10198	-4.90904
-4.37599	-12.6179
2.90338	-9.92562
-8.38944	-13.1506
-9.90418	-12.7114
-9.44262	-11.4509
-5.78388	-12.7031
-6.49643	-11.0955
-5.70332	-11.2661
-6.60164	-8.43794
-4.6792	-11.2217
-3.10502	-14.5841
-1.70308	-17.553
-4.91059	-17.0673
-7.66173	-9.99943
-4.10622	-10.2686
-8.06399	-8.6387
-3.71184	-13.7508
0.855289	-23.9513
0.555692	-29.3803
-1.84514	-30.6055
-2.93732	-31.8328
-5.46814	-30.4987
-4.20459	-29.214
-8.88004	-25.9604
-7.30179	-24.8407
-1.11933	-30.3622
-0.252988	-26.4494
-1.55479	-21.4623
7.11747	-7.76222
1.24066	-5.53813
3.03089	0.626599
-1.68447	-0.638672
5.21228	-8.87929
3.96318	-7.92311
4.90336	-8.08678
2.38004	-11.8312
1.17736	-7.15535
-0.21865	-3.22143
3.19215	-7.84298
5.36942	-6.50031
1.41628	-7.61193
-8.4435	-17.5165
-7.6507	-14.8869
-12.1911	-16.3282
-12.9521	-15.9086
-5.85287	-12.4598
-3.34013	-14.1713
-0.551978	-17.7494
5.76155	-7.70518
-4.19712	-4.39933
2.86941	-10.7409
-0.588014	-6.67353
5.90214	-2.6344
3.654	-5.70564
2.51926	-3.11878
4.32954	-5.79366
4.44562	-3.05812
3.96136	-5.44931
4.06939	-0.555474
-0.739601	-15.106
2.26352	-4.71208
2.38877	1.11195
-0.578364	-3.31342
1.04754	-5.22744
1.07474	-6.62228
6.37952	0.865098
5.61823	-3.53404
3.76091	-3.42523
-3.89703	-13.7648
-3.63062	-20.7278
5.65335	-15.3748
10.7839	-10.3837
3.34277	-20.7254
-0.0351504	-23.3991
0.942562	-25.6467
-0.737932	-28.9336
0.959715	-32.015
6.62592	-33.2784
11.3937	-31.499
3.8045	-19.0619
8.51016	-16.2972
2.04947	-16.0235
3.33952	-17.1339
3.99486	-15.6565
-4.9661	-16.7824
-4.38699	-19.945
3.01303	-30.9219
-1.8102	-35.284
-9.47616	-34.7994
-9.80629	-33.1923
-9.21745	-32.5527
-6.2377	-29.6456
-0.393409	-22.2158
-0.841278	-11.4837
0.274068	-20.0816
1.2932	-15.6474
0.301996	-17.4278
-0.610264	-11.4165
-7.94735	-15.4286
-4.60787	-12.4648
-4.37622	-21.9776
-3.70234	-32.0366
-6.57161	-27.7101
-6.49057	-27.0261
-6.84597	-26.1574
-6.97538	-21.7482
-6.84485	-20.8666
-5.10806	-24.1008
-8.41853	-22.8438
-6.98866	-19.2595
-5.16505	-14.3151
0.1185	-9.56497
-1.03948	-8.2025
-7.79336	-10.4937
-8.08304	-7.17317
-0.405976	-14.592
2.84289	-24.0687
-3.18752	-22.0751
-2.3517	-20.8933
-5.11537	-16.5433
-5.09113	-19.7472
-13.0482	-24.8303
-12.1646	-20.7056
-9.24977	-20.0251
-6.24453	-22.1516
-1.90375	-22.3689
-2.29662	-20.7491
-3.81106	-20.767
-2.84488	-19.5032
-1.6838	-18.5336
-0.762642	-19.7091
-3.01206	-16.4523
-4.23398	-13.6782
-4.03554	-12.0149
3.69587	-8.06551
-1.31624	-1.01887
-0.441852	-0.894133
-8.22499	-4.99977
-5.10739	-7.09737
-4.4932	-2.62788
-10.9338	-14.0284
-9.42069	-18.7308
-0.533887	-14.7584
2.31424	-8.74867
2.13099	-28.6994
0.876334	-35.3974
-2.50277	-33.5261
-2.58166	-35.5995
-2.8306	-35.6567
-1.75571	-36.1557
-2.45738	-38.1098
-1.21066	-37.0438
0.663478	-40.0271
-0.623139	-38.5696
-0.0934793	-37.974
-1.09203	-38.2319
-1.70427	-37.3688
-2.81086	-36.1519
-3.56611	-33.9152
-3.50382	-33.0379
-4.80175	-30.7871
-3.48868	-28.3619
-3.85301	-26.9857
-3.15079	-22.8435
-1.17711	-19.4515
4.7025	-24.385
9.15893	-32.1599
7.29878	-30.0584
4.89371	-26.4157
6.36297	-28.017
6.48243	-25.8649
7.49324	-25.594
7.81558	-27.7682
8.26396	-26.3982
7.66627	-25.3414
7.53748	-25.8298
7.56638	-26.1774
-1.24452	-21.3619
-3.67468	-23.7059
-2.13657	-25.7709
-4.05802	-22.6956
-4.28366	-22.5307
-5.64704	-21.1109
-6.14432	-20.457
-6.38314	-17.6749
-4.55499	-18.6824
-5.64553	-11.8348
-5.30915	-3.75835
2.59549	-4.32755
2.247	-9.62242
-1.49789	-11.6735
3.2164	-18.4284
3.48604	-24.6563
3.8017	-29.0551
3.27551	-32.8349
4.46753	-32.9571
3.42277	-31.0557
1.80701	-21.969
-9.70628	-11.6152
-9.09832	-14.8008
-7.18913	-16.3561
-4.4971	-20.3038
-7.63738	-20.5603
-13.2924	-15.6869
-15.5246	-15.1759
-18.3784	-12.4778
-17.9947	-14.6621
-17.5425	-16.479
-17.3034	-16.6418
-17.0328	-16.0325
-16.583	-14.7626
-15.0223	-14.1188
-12.5819	-11.3475
-11.3279	-10.3779
-10.7655	-11.983
-10.9294	-14.7283
-12.195	-17.0603
-13.3094	-17.016
-13.2337	-16.691
-12.8924	-16.0787
-12.2303	-16.0072
-11.2382	-16.436
-9.48344	-16.4819
-10.8491	-13.1578
-10.8644	-11.5539
-8.29226	-14.3956
-8.23764	-9.87483
-8.98616	-8.50383
-11.9958	-6.13879
-11.6897	-2.64095
-5.24729	-3.56566
-7.36857	-8.34881
-6.55088	-5.27927
-2.72298	-13.7972
-2.2571	-9.07275
3.47797	-8.51721
-3.70763	-10.407
-8.02031	-9.72015
-5.37399	-11.7656
-4.26138	-9.069
-7.20677	-6.89083
-5.86982	-7.68441
-5.97544	-7.58448
-3.44687	-8.45084
-2.2281	-8.28822
-3.18047	-5.8522
5.90176	-5.55152
3.25099	-6.85958
9.69265	-3.36914
6.88402	-2.2732
4.00234	-1.06111
2.34152	-4.28269
-9.88396	-15.4012
-7.27037	-17.4951
-7.96301	-7.38578
-6.30802	-26.7918
-6.15909	-31.4058
-7.66956	-30.0608
-5.08582	-29.0372
-1.02544	-20.117
0.762993	-23.3585
2.16454	-23.3814
2.76535	-24.2301
1.12206	-21.0847
1.74673	-21.3862
-0.822228	-18.3308
-1.08543	-19.6288
4.13683	-15.3293
-1.85097	-11.2966
-1.72065	-4.76628
-6.22932	-3.53598
-9.90561	-3.69188
-11.4315	-6.32041
-1.98923	-4.53097
0.694404	-2.81945
-1.61494	-0.579202
-2.387	-4.23513
-0.751358	-5.15169
-3.16636	-2.45793
-14.5759	-20.0635
-12.2629	-20.3117
-6.76781	-22.7291
-4.66222	-19.7604
-3.72838	-9.37759
-10.2727	-10.0858
-12.0009	-14.9076
-3.04048	-25.4061
-7.18207	-27.6689
-6.6619	-27.8952
-8.96271	-22.2941
-3.44029	-22.3895
-1.80169	-14.2261
-5.88819	-5.23661
-14.3879	-6.56649
-13.2679	-3.56861
-14.8046	-14.243
-16.2084	-8.93857
-13.789	-3.07943
-15.5093	-12.1237
-12.6598	-13.5235
-7.77054	-18.2457
-9.21519	-11.2797
-4.82433	-14.3664
-0.886871	-9.56759
-0.907902	-15.9236
-4.80028	-9.94963
2.06342	-14.7654
-0.897954	-14.8204
-1.30912	-11.9761
-1.47814	-10.9567
5.84557	-9.85132
-0.292829	-10.9326
1.26211	-13.5251
0.432948	-21.1876
7.55652	-15.0052
4.57977	-16.0366
8.08797	-22.6699
8.06515	-21.6567
2.59423	-18.7302
2.1766	-17.7832
0.230557	-14.663
-0.61571	-13.3824
-4.10519	-10.8017
-0.856926	-16.2141
-3.02802	-12.3039
2.02597	-9.39642
5.67006	-5.04174
12.7888	-1.97694
11.4635	1.51376
-18.276	-11.7579
-14.7027	-8.80665
-8.07058	3.76989
-9.38406	-0.0111381
-14.6378	-10.2318
-14.4098	1.67134
-13.1602	-9.14738
-15.2871	-6.69384
-15.6326	-7.42632
-8.59213	-5.75722
-7.87688	-6.55522
-7.16577	-5.5818
-6.91486	1.42161
1.21989	-12.6852
-2.07093	-3.28191
0.4908	-0.293244
1.62169	-0.788338
7.31258	-4.67436
3.95842	0.497347
6.58739	1.12015
-1.35366	-6.53269
-0.194798	-5.08564
3.5077	-8.31825
7.36989	-8.4403
7.11242	-1.57861
3.48269	-6.26284
1.36553	-10.3494
-3.56411	-12.1443
-3.82391	-7.96535
8.24791	-7.05163
-1.0862	-5.62318
-0.0536656	-5.35816
5.00194	-2.11993
3.77517	-2.77139
3.09189	-5.9066
0.372807	-5.21493
0.688517	-3.63576
-0.0442394	-21.9674
1.65487	-20.4676
-6.99499	-17.4631
-9.51382	-21.5844
-7.47688	-25.1358
-5.64938	-27.7315
-7.00541	-25.7611
-7.15604	-30.3468
-8.48178	-33.4467
-9.72565	-35.3057
-9.21139	-34.1968
-4.73747	-35.3798
-2.76446	-31.8961
-1.31287	-28.0478
-5.05005	-20.3129
-7.43613	-14.1099
-6.39955	-13.6293
3.24021	-19.9802
0.75207	-20.4004
0.129421	-16.8991
2.18502	-17.9284
-3.82024	-11.4569
-15.0311	-6.05082
-9.4683	-12.9814
-15.6544	-8.63913
-18.1008	-7.10914
-20.4503	-5.18233
-20.9011	-4.84063
-20.6854	-6.97616
-17.3384	-7.34817
-5.76895	-4.27793
-5.06253	-13.3579
-0.903329	-14.5561
-3.22297	-13.1613
-1.43499	-13.1756
-6.17188	-9.06234
-7.47013	-9.46844
-9.47143	-14.4999
-11.8572	-20.1081
-2.8838	-10.4228
-13.7155	-10.4467
-18.091	-8.3294
-19.9362	-6.43039
-19.2666	-6.30609
-18.3302	-7.49375
-15.9098	-3.42312
-5.4825	-9.71698
-2.92179	-16.5544
-3.79466	-17.3288
-8.55093	-21.5445
-7.46308	-12.2907
-8.15366	-11.9558
-10.3896	-20.6851
-7.25257	-17.2741
-12.9528	-13.8564
-13.3276	-11.6451
-12.4357	-12.6148
-14.2181	-11.199
-13.39	-9.78235
-13.6398	-8.19802
-12.722	-10.0035
-8.22153	-16.87
-9.98561	-16.3203
-8.85225	-19.1949
-6.43488	-19.2453
-6.07867	-19.5022
-0.582767	-19.9622
2.32364	-16.5873
3.66013	-15.7751
3.44218	-16.6408
3.55161	-17.0189
3.71418	-17.187
4.01962	-17.9493
5.80343	-18.7263
2.26291	-15.2797
3.49943	-17.4498
2.70782	-16.939
1.97951	-17.0905
0.641221	-14.794
-1.23477	-12.2847
-3.94429	-12.436
-17.3476	-21.2955
-23.2285	-15.669
-23.8296	-15.3085
-24.7899	-13.1211
-26.0176	-11.7163
-26.2991	-11.5481
-27.7485	-11.1347
-27.4951	-13.5755
-26.7689	-13.2653
-24.1874	-15.1198
-16.6863	-16.8295
-9.54259	-17.0671
-6.00257	-11.8347
-3.41308	-13.2055
0.876586	-8.23372
-1.28962	-7.14065
-1.19909	-3.3295
3.38949	-9.02728
0.670558	-10.5044
0.564315	-18.9884
-0.283747	-21.8884
0.921607	-25.5798
-3.22852	-27.1756
-6.74796	-24.8947
-9.70302	-22.9979
-11.7316	-20.4314
-17.6255	-16.3408
-19.2834	-13.0576
-17.3377	-11.8037
-16.142	-12.3938
-18.4793	-12.1219
-14.7655	-15.6193
-17.4519	-12.3758
-17.4426	-12.943
-17.7393	-10.8267
-18.3287	-8.96432
-18.1022	-9.60448
-16.8772	-7.44969
-16.4351	-8.91809
-16.8984	-6.756
-14.9336	-9.16695
-15.0036	-9.79991
-13.9621	-10.4715
-11.7629	-10.8308
-9.89358	-11.0879
-7.13705	-10.0263
-5.7827	-9.23951
-4.67577	-10.4689
-3.99704	-10.8145
-3.24609	-12.6745
0.854515	-16.0498
3.56979	-19.0682
5.09971	-19.678
6.70174	-24.855
6.63607	-23.4391
2.73845	-21.9831
3.82272	-23.6919
3.64419	-23.672
1.09039	-16.8706
-2.39433	-13.8602
-0.0590733	-15.5418
7.69805	-12.6557
5.48449	-3.83973
0.45021	0.511901
-2.8194	-4.3758
-5.85893	-2.39404
-9.79658	-1.67368
-12.0727	-9.27125
-8.33865	-13.0699
-6.48052	-17.2884
-6.49806	-10.7982
-2.57286	-11.3736
-1.29205	-9.32524
2.23653	-13.3196
-8.79835	-24.3776
0.665776	-35.2917
-1.96089	-34.5884
-3.41329	-31.1908
-4.45599	-31.1623
-1.66164	-31.1483
-8.51803	-24.1394
-1.20262	-26.331
-7.97329	-25.8748
-3.66597	-21.1685
3.05546	-11.5638
-0.607852	-7.80425
-9.1743	-9.97802
-13.5157	-9.96542
-10.7313	-7.31874
-9.0129	-4.52712
1.34416	-4.27431
7.15903	3.01265
-0.160729	-13.1604
-2.23176	-8.78875
-2.21859	-10.505
-1.09907	-12.9307
-5.11441	-10.93
-10.4991	-9.30383
-1.63895	-16.479
7.22462	-20.3079
1.14097	-23.9396
-13.3929	-8.6342
-9.27774	-11.2402
-8.57977	-13.8523
-6.8198	-13.3459
-4.36114	-12.6175
-4.93984	-9.50756
-6.93466	-6.3965
-10.2849	-3.62472
-11.2265	-14.8124
-4.05953	-15.3585
-3.41324	-21.7389
-0.373687	-17.7679
2.64222	-5.51607
1.18593	-4.10304
-10.3032	-13.924
-8.58793	-12.3774
-8.86231	-14.5536
-8.70108	-15.213
-10.1224	-10.6265
-10.7359	-14.1283
-7.36004	-21.9952
-4.75164	-15.4302
-1.76542	-11.8767
0.272329	-21.4055
-0.849092	-28.5658
-2.33832	-31.0096
-3.92932	-27.4965
-1.00198	-27.329
6.60916	-22.5025
5.36428	-12.3852
-0.454168	-11.9193
1.10964	-12.3145
2.61428	-3.76667
-1.14417	-5.41352
1.08477	-5.99693
-0.775119	-12.9402
0.164697	-4.35039
-19.7367	-4.88147
-17.2608	2.48388
-12.2395	-2.9283
-22.8993	-13.7817
-7.33818	-9.30225
-3.5168	-2.81769
-6.72171	-19.2565
-16.4816	-18.2915
-14.3425	-22.0406
-14.8569	-19.2607
-13.4687	-19.4392
-9.24578	-21.104
-5.1222	-22.9809
-6.98267	-18.1168
-7.36648	-20.1717
-5.07155	-22.6803
-3.35465	-19.6368
4.99258	-14.1509
6.31595	-2.59627
5.04216	-5.09954
-23.2467	-19.0821
-19.0696	-12.8457
-6.12804	-15.4767
-1.83889	-11.2359
2.37446	-8.76154
3.51385	-7.22583
8.28861	-7.65098
-1.5303	-11.7134
-7.34732	-16.8131
-11.8269	-12.8451
-8.26023	-18.2343
-10.4152	-18.7929
-15.26	-13.9
-16.7146	-10.788
-18.264	-8.22209
-23.4442	-7.1547
-23.5972	-11.469
-22.514	-14.7555
-22.209	-19.4196
-17.2744	-19.2239
-17.2465	-17.0156
-9.00547	-18.1437
-11.823	-15.602
-8.35096	-22.4006
-2.59224	-24.0786
-0.829044	-18.1252
0.958326	-2.78243
1.22232	-6.59775
-2.44627	-13.452
0.874509	-14.6241
2.63663	-5.75583
1.41611	-13.9541
0.388057	-12.3134
-4.5757	-10.8026
-0.561542	-10.1967
0.806426	-7.47751
-2.50717	-10.4851
4.32651	-4.22357
0.319293	-10.7861
1.02667	-8.50474
4.83439	-2.90826
0.140085	-3.49118
-0.465578	-1.85329
1.25696	-6.62276
-2.22824	-4.51155
-0.175107	-4.96036
3.36792	-5.34743
0.855693	-6.68867
0.720357	-6.20873
1.95048	-5.60224
-4.9194	-11.7675
-8.68052	-13.203
-2.59386	-3.96581
-6.48243	-14.7778
-8.4495	-9.21006
-8.94473	-5.94418
-11.8716	-3.6005
-13.6709	-2.46948
-5.58565	-12.8292
-10.6837	-6.52524
-13.6044	-6.25243
-15.5349	-7.23057
-17.2924	-6.2732
-18.048	-8.44191
-18.0066	-8.67226
-17.302	-8.29701
-15.7523	-9.15356
-15.5319	-8.88375
-14.0264	-8.03557
-14.9049	-6.53652
-13.1705	-6.72185
-10.68	-8.23855
-7.73194	-9.49807
-6.05414	-13.7428
-3.98424	-17.303
-2.98141	-17.5144
5.72352	-22.4333
-3.47329	-21.762
-3.97172	-16.511
-5.0942	-19.3759
-1.71301	-12.6683
-0.387721	-13.8501
-7.40874	-6.40472
-13.0949	-8.8336
-20.4759	-6.68897
-19.6209	-4.98035
-12.7933	-3.71423
-10.6438	-0.621413
-8.00984	-9.90359
-9.73139	-10.0473
-13.4104	-12.3488
-12.045	-8.40719
-11.0069	-3.04429
-11.1906	-1.72561
-9.46359	-2.07706
-9.27895	-5.69337
-13.179	-2.20515
-11.1803	-4.97933
-10.4927	-3.07398
-9.2868	0.110495
-10.6252	-2.70378
-8.58627	-3.57751
-8.62817	-7.36628
-4.73238	-5.92794
-1.74886	-6.03961
1.02017	-10.5415
-0.816891	-10.2635
3.73272	-14.6674
0.885014	-18.4231
0.420561	-23.6655
-3.25817	-24.3897
-2.1727	-30.3107
-0.356565	-35.6167
-0.962943	-37.5067
-2.37692	-36.7823
-1.23242	-38.9058
-2.45867	-38.9999
-2.35911	-37.6676
-2.1431	-38.8235
-1.78416	-36.9009
-2.75333	-35.7608
-3.31204	-34.6908
-5.07769	-34.2853
-6.43404	-35.7273
-5.92211	-34.8824
-5.76036	-37.2701
-4.22782	-36.6827
-3.81961	-35.7292
-5.50595	-31.7036
-7.73443	-22.7274
-13.9175	-17.6359
-15.6037	-16.1569
-20.2748	-11.8726
-23.5532	-14.8257
-22.7817	-17.8312
-28.41	-13.2223
-29.8608	-16.2613
-24.5919	-20.6517
-29.0043	-15.9615
-28.8791	-17.2315
-27.1365	-17.2752
-22.9236	-17.8264
-12.3182	-13.9323
-5.94979	-13.837
2.13974	-1.27253
3.73679	-8.68146
6.58763	-0.745305
-0.251652	-3.21119
-8.20403	-1.30176
-12.6991	-7.72433
-10.1179	-5.07613
-13.6332	-9.50358
-13.1819	-7.18334
-12.8545	-8.90246
-8.91743	-6.9925
-7.55184	-5.41962
-1.27432	-8.83082
-6.10964	-11.4538
-8.29356	-8.23276
-5.06851	-11.7831
-3.9998	-14.4007
-3.6532	-14.2465
-1.8559	-15.7286
-1.17118	-19.284
-0.67448	-19.2
-1.39342	-27.6868
-2.90442	-24.6592
-6.48253	-19.2418
-6.79662	-17.93
-3.26423	-17.7026
-0.612961	-19.9624
4.27296	-11.7555
-0.547148	-8.68423
-3.56665	-14.3149
-2.52289	-18.2093
-15.2227	-15.8143
-24.5502	-18.3877
-17.1899	-12.4295
-11.8911	-6.17945
-12.7902	-9.56957
-4.78876	-0.517485
-11.8207	-14.7164
-14.6445	-13.4684
-13.7597	-13.4738
-4.06317	-18.8088
0.426007	-24.0987
0.0177194	-23.9203
-0.477405	-22.8458
3.07028	-27.4293
2.14124	-26.4577
0.543077	-23.5686
-1.49532	-18.902
-4.75136	-20.4913
-0.550775	-27.4407
-1.67538	-28.6588
-1.26605	-29.1
-2.22769	-27.0887
0.674619	-26.4606
-2.68136	-26.2984
-3.18373	-25.9996
0.257619	-24.732
-1.15348	-27.0986
3.47426	-24.908
5.09098	-21.3588
4.77755	-24.1022
6.73271	-13.2562
5.29372	-18.4036
7.36447	-13.6063
5.37303	-13.2788
1.56946	-13.6183
5.32532	-13.8277
-4.57505	-15.8907
-0.172579	-8.45305
-3.26916	-6.77667
0.716356	-7.46345
5.03234	-13.9409
0.277948	-5.04142
2.55501	-5.7003
2.43534	-2.97378
4.96008	-2.93655
2.89806	-9.17029
-0.297387	-1.51984
1.19004	-1.01302
-2.78269	-6.92854
-2.9561	-4.7797
3.38166	-3.30351
4.1553	-8.91417
1.54422	-11.7619
-1.93054	-3.8323
2.15924	-5.56638
8.2517	-4.42767
7.25213	-3.86473
-3.99331	-21.468
1.12247	-21.685
-3.93372	-19.3169
-1.2099	-20.0852
3.61919	-18.8552
2.58656	-18.7383
-2.03832	-23.0623
-8.28087	-20.654
-13.6658	-15.78
-13.7291	-13.8639
-13.5063	-15.6878
-12.4338	-16.2809
-7.97634	-17.981
-3.36359	-17.7063
-3.95274	-15.4819
-1.29712	-15.7528
0.112294	-21.7794
-0.919302	-25.533
0.973294	-33.6017
-2.08155	-35.0909
-2.81073	-34.4004
-1.37457	-31.0471
1.37406	-29.7833
-0.886326	-21.2033
0.509918	-13.9629
0.543387	-10.6438
7.39003	-5.99167
10.5875	-3.59158
9.85841	-4.80589
3.15453	-3.34469
4.80437	-8.34594
3.46488	-8.06361
-4.83905	-13.7337
-8.30497	-13.7339
-9.41921	-12.6571
-11.052	-9.6308
-12.3572	-7.59834
-10.8434	-8.57728
-4.10878	-14.1266
-2.77725	-17.7996
3.91562	-14.1583
5.76738	-9.9312
-4.94958	-8.38526
-10.1404	-11.9337
-13.9525	-16.3818
-15.8022	-12.2992
-10.4217	-11.3911
-12.5992	-4.34665
-10.581	-4.36134
-15.7219	-8.00279
-12.1191	-10.18
-7.95359	-16.5005
-3.48918	-13.0736
3.8014	-18.9557
0.71455	-30.9605
-2.10073	-31.3175
-6.04367	-26.467
-8.0275	-25.1286
-10.7619	-23.334
-12.2348	-22.2747
-12.3569	-20.7014
-13.0601	-19.0733
-13.5072	-18.2531
-14.7968	-17.1857
-13.1198	-16.5216
-14.1492	-15.4931
-13.9449	-14.5911
-12.4079	-16.4272
-13.3602	-14.4044
-11.4208	-16.1918
-14.1906	-13.0473
-16.5506	-10.92
-17.3992	-12.7527
-19.0194	-9.48751
-20.1545	-8.73454
-18.4452	-9.10293
-18.1686	-13.1371
-17.723	-12.1236
-17.8667	-12.8072
-18.8819	-9.16807
-17.267	-9.52832
-9.10862	-16.0022
-5.6514	-21.4826
-7.96557	-13.1242
-4.30218	-13.5113
0.461751	-12.1835
-7.13286	-11.2296
-8.795	-5.5265
-5.42551	0.50181
-11.9862	1.14909
-13.8942	-1.03432
-16.6108	-1.03193
-8.91161	-6.91061
-9.93536	0.0972829
-10.2237	-3.04102
-9.60793	-0.539802
-9.07399	-5.08284
-4.37738	-9.73265
-5.37587	-9.56822
-6.85704	-9.68499
-9.9909	-12.2203
-9.37456	-13.6872
-8.34911	-13.0886
-6.5845	-16.5527
-3.41603	-18.9048
4.80989	-21.0337
6.35752	-24.5088
5.06106	-25.1179
6.73368	-26.6095
4.82642	-25.7831
4.70899	-26.313
4.44832	-28.5528
3.6655	-29.6778
4.37354	-31.3297
4.51629	-31.1643
2.93744	-35.2001
-0.637014	-33.976
2.63126	-34.7588
4.0362	-27.3703
-0.6608	-20.0958
-2.5984	-25.8421
-4.27673	-31.5857
-4.32235	-34.2292
-5.3156	-35.8956
-3.63226	-38.7729
-2.41176	-39.1109
-1.22069	-39.7075
3.00933	-39.6783
4.0572	-41.8568
2.48426	-27.9829
2.43356	-20.9384
6.67378	-17.3681
6.74696	-19.0978
-3.14876	-21.6275
-9.44	-15.0714
-13.4194	-6.99587
-18.3823	-1.79123
-17.1627	-9.17946
-6.90829	-15.3182
-1.76756	-10.6124
-6.57347	-9.20863
-0.204602	-5.49498
-4.56102	-15.6785
-6.79142	-18.3954
-12.8304	-13.323
-15.044	-13.1284
-10.9466	-16.9114
-8.39043	-20.9258
-8.83874	-20.44
-7.83161	-19.279
-2.09921	-11.7537
-1.34956	-9.76848
3.6191	-6.56521
-3.14679	-9.95056
-3.64976	-13.0664
-5.79522	-14.5657
-9.27486	-21.3936
-2.87295	-12.3745
-4.19948	-18.7293
-4.64686	-22.4268
-0.0809716	-28.401
0.832133	-27.6472
-0.182683	-24.3602
2.22141	-21.7317
1.95732	-28.8518
3.00323	-28.0686
4.65307	-28.5415
2.57978	-27.6858
3.81219	-26.6419
2.9769	-27.9357
-1.70219	-23.788
-8.50683	-17.315
-13.8288	-17.8244
-15.501	-16.6658
-15.8723	-18.7261
-15.7583	-21.5189
-12.5228	-23.8176
-6.79432	-24.9983
-3.3253	-22.7505
-2.8991	-21.5191
-2.03672	-20.2453
-0.943738	-22.1855
-2.09616	-20.7182
-0.704153	-20.4624
8.84332	-20.7209
6.74421	-26.4372
6.33586	-25.3064
7.65817	-26.4985
9.28232	-26.7184
7.97514	-24.4724
6.11035	-20.1634
-0.489667	-17.1212
-4.05442	-13.8978
-4.50515	-13.2076
-6.07636	-11.6935
-5.5953	-11.9767
-5.8109	-9.96927
-7.00322	-10.9494
-3.92366	-17.115
3.15954	-18.2322
8.51694	-17.9005
4.82966	-17.5816
2.55653	-12.1948
-1.1067	-11.7399
2.06999	-14.3671
2.58337	-12.9906
3.66463	-5.08075
3.52824	-1.12233
-2.02357	-5.25342
0.354414	-5.70084
0.98038	-12.1061
14.3133	-5.76458
5.22322	-9.42426
3.70835	-9.22742
2.48302	-17.0508
-0.73332	-25.9843
0.276246	-29.8515
-6.69882	-25.1649
-8.64429	-26.3315
-9.1046	-25.5277
-9.16192	-23.7557
-8.22142	-22.0723
-6.2099	-18.7198
-3.78623	-23.2131
-4.40949	-16.616
-2.27563	-14.6674
-2.56522	-17.7311
-4.97423	-6.26468
-2.57137	-5.97446
-1.02877	-7.75049
-0.102669	-6.22148
3.653	-6.37796
0.204949	-7.62242
5.73714	-14.1552
-4.20245	-11.2318
-10.283	-9.29396
-14.0193	-7.32115
-14.8174	-7.46483
-13.1806	-9.94724
-9.86414	-13.6466
-10.6396	-13.2848
-11.0328	-11.4728
-16.1111	-6.34666
-14.7184	-8.00254
-8.67009	-9.56988
-4.07828	-3.97891
-8.02519	-1.13413
-14.1125	-8.37139
-16.8351	-4.42369
-18.4178	2.81471
-17.7965	2.23676
-13.2914	2.48706
-20.9764	-3.16108
-14.7097	-0.318337
-10.306	-1.12661
-10.8757	-3.76047
-2.03039	-8.59378
-15.4682	-12.5973
-16.3042	-11.6097
-17.9861	-9.37736
-13.3393	-14.2013
-13.4717	-15.8417
-11.8507	-16.5658
-17.2972	-13.4922
-22.1586	-7.83153
-23.3195	-8.77813
-23.9403	-9.2811
-13.9317	-7.3105
-3.24075	-13.4796
-0.56033	-10.7162
-3.63129	-12.7339
-7.24441	-17.1596
-1.76191	-17.0125
-0.891887	-9.99519
-0.103385	-9.47878
-8.89319	-26.1614
-18.4559	-22.7688
-15.8354	-23.9387
-11.7866	-26.1646
-9.8881	-24.2271
-5.52545	-23.52
-4.34612	-23.1214
-4.79852	-21.2463
-2.05413	-21.1373
-1.92476	-19.9478
-2.31133	-18.4171
0.138181	-19.5048
-1.13725	-18.0862
-1.91291	-17.7043
-3.02587	-11.6462
-7.08937	-6.70073
-7.61319	-15.6058
-7.60662	-17.4833
-5.52724	-21.6232
-4.768	-21.818
-2.98152	-20.5181
-0.702766	-26.2651
0.747855	-29.3907
0.671078	-29.3404
-0.399316	-28.5831
-1.01139	-27.2276
-1.57395	-27.0641
-2.02191	-26.815
-0.791561	-27.7208
-9.31282	-26.6306
-6.68866	-31.3408
-3.17646	-30.9031
-8.04759	-26.1424
-6.79045	-24.7739
-5.04317	-25.7513
-1.32592	-26.0906
1.08713	-23.9735
0.492349	-25.441
2.05252	-25.9026
3.40293	-22.0281
1.38684	-13.9415
-1.13472	-7.29152
-4.00385	-7.18508
-5.53306	-6.65663
-8.26949	-5.05716
-11.6227	-2.27197
-7.09682	-8.71036
-12.118	-2.53653
-9.89066	-6.09196
-7.82794	-5.28073
-10.4043	-9.26538
-8.73721	-3.88009
2.84032	-5.79977
4.86852	1.04109
1.06596	-4.08958
-0.595816	-7.33991
4.4459	-10.262
2.52948	-9.87894
-3.30724	-10.6347
-3.67407	-3.37995
-3.85929	-14.0438
-2.83673	-9.87645
-8.64628	-1.604
-9.02357	2.14277
-13.8861	-8.85618
-18.2145	-9.78749
-19.0885	-8.36052
-20.7614	-6.88181
-15.7079	-8.12511
-7.48858	-10.1618
3.53139	-20.5865
5.6162	-20.4076
6.84868	-17.4622
8.88095	-20.1566
7.13602	-16.3972
-4.06942	-17.1312
-3.98692	-12.292
-2.1471	-12.5385
-5.14469	-10.8199
-3.28709	-12.8413
-0.667914	-14.8532
-2.71236	-13.3902
-4.7697	-10.1828
-6.55814	-8.81321
-5.47903	-10.6428
-4.99229	-11.4272
-6.19025	-9.88251
-6.4876	-10.0274
-7.74554	-9.39588
-5.34102	-11.7357
1.00702	-7.87475
-1.63026	-13.0088
-2.95635	-14.2824
5.94923	-7.58765
6.88062	-4.71447
0.282194	-4.42154
-1.13522	6.94058
-0.634939	-0.901624
-8.01409	-12.525
-9.85683	-12.3189
-15.5218	-6.1406
-15.7068	-3.23108
-14.4241	-6.35481
-10.8748	-9.94063
-11.2514	-11.4974
-11.659	-14.1603
-14.5495	-12.9203
-13.0059	-12.7604
-11.4727	-13.2558
-8.29009	-17.139
-6.70311	-25.3325
-5.21254	-31.2608
-3.9232	-32.5818
-2.22041	-19.4287
0.675813	-22.7301
2.15088	-24.9744
0.0994729	-24.2309
-1.68505	-23.4194
-1.07238	-18.4741
-1.67629	-16.7983
0.418035	-17.388
4.14582	-6.5593
-8.55334	-12.5652
-12.3197	-12.95
-10.9645	-9.14137
-6.332	-9.45545
-7.9457	-7.32958
-12.0832	-7.69512
-3.69819	-13.5696
0.566863	-6.44826
2.43298	-5.00673
1.38595	-8.3975
3.59736	-8.80982
3.19482	-7.19941
3.55414	-10.8047
5.50833	-21.856
0.944565	-30.2306
-2.73613	-31.1114
-1.35343	-36.8354
-1.43085	-37.4208
-1.67755	-37.841
1.84993	-31.2115
-0.44927	-20.2556
-2.64791	-26.5704
-3.08727	-27.6428
-6.03352	-25.9965
-7.03979	-21.3008
-9.24887	-17.1198
-9.51165	-15.3983
-9.67284	-14.6196
-10.7628	-14.614
-10.9449	-16.0977
-9.89442	-17.866
-11.4732	-14.5056
-16.3876	-9.12811
-16.5548	-9.61986
-13.5432	-12.1022
-6.80082	-15.1273
1.56976	-6.29157
1.8166	-12.2024
-5.37202	-18.2234
-5.26564	-16.7391
-6.74622	-12.4671
-10.2202	-10.6538
-11.8158	-10.0568
-9.47086	-11.7265
-15.3929	-12.8336
-14.5672	-12.6117
-10.5058	-15.2112
-9.72289	-17.7996
-8.02562	-13.9467
-6.04113	-9.70083
-8.54147	-12.8752
-8.95607	-10.7328
0.685774	-6.52397
-0.114943	-7.34295
-3.17649	-8.0161
-9.95328	-15.1965
-7.03586	-15.289
-7.00038	-18.3986
-9.1592	-18.4065
-4.30526	-14.6683
-4.7495	-17.4588
-6.82905	-13.3138
-8.71947	-12.4235
-9.37276	-10.5329
-1.52408	-14.9186
7.7687	-19.808
10.2304	-19.9079
9.37427	-17.8465
7.29846	-17.0731
0.056328	-15.3531
-7.10438	-16.1366
-14.2517	-6.906
-12.2135	-5.01834
-10.1225	-4.92248
-8.5464	-8.0411
-8.01069	-10.2759
-7.20685	-14.05
-5.20911	-19.321
-4.46084	-19.9459
3.15561	-14.4509
-1.7759	-9.05953
-2.11466	-9.45949
-0.0506565	-4.54622
-4.31068	-6.17978
-5.87719	-10.6377
-6.3746	-16.2896
-12.6596	-24.3749
-2.22631	-30.0149
-8.1637	-30.9949
-5.84172	-34.0583
-6.55352	-31.1537
-3.52721	-30.7379
4.52851	-32.0365
3.75902	-25.7657
4.16585	-20.3227
0.261648	-17.9152
0.0850211	-17.1155
4.58244	-16.7005
4.68848	-16.8722
3.60117	-14.7823
3.11165	-17.448
4.4061	-18.4077
4.90721	-16.6767
6.80768	-11.3682
0.0984123	-15.0774
-1.49743	-17.2935
-2.02445	-24.6426
-1.71125	-27.1977
-4.4096	-22.6225
-6.53982	-18.1846
-7.59963	-15.3678
-10.2037	-12.3172
-9.54551	-9.9848
-1.25992	-8.84598
5.87209	-11.7403
3.07894	-17.6775
-3.80419	-17.4018
-4.79337	-13.4914
-2.3413	-9.76614
-5.4029	-14.4352
-9.95294	-12.5888
-8.23956	-10.6151
1.12953	-8.08528
2.67416	2.31846
-6.82635	-8.93972
-8.53822	-9.85683
-12.4176	-14.2214
-11.9477	-11.7605
-5.91272	-13.2646
4.30529	-17.063
6.90849	-19.7422
7.71237	-20.2487
7.48374	-19.575
7.79553	-20.9113
7.27632	-18.9666
9.0298	-20.9183
8.14721	-20.373
8.73644	-21.3519
8.51781	-22.0888
8.10189	-25.677
9.31124	-25.2267
4.58672	-16.2672
-5.6997	-15.2541
-7.92987	-15.6492
-7.72573	-16.8637
-5.37373	-18.8314
-4.39238	-19.0185
-4.09533	-18.9091
-8.6121	-13.6243
-9.07168	-15.4102
-9.87709	-15.7444
-4.68452	-17.4888
-3.67832	-22.0029
-2.56427	-24.3598
-5.37103	-22.9188
-9.1384	-21.2844
-11.3573	-17.652
-11.2783	-18.4308
-9.27682	-18.3228
-11.7411	-12.1052
-14.839	-7.13491
-12.7213	-10.3417
-9.73674	-5.88676
-7.32381	-6.5582
-12.7523	6.00669
-19.5992	2.38832
-12.2229	-0.877612
-12.9965	-7.26669
-15.6977	-2.61596
-20.1567	-6.81906
-14.4086	-6.49587
-4.28489	-2.54613
-12.9046	-8.68209
-20.3566	-6.81015
-18.6168	-6.26198
-15.673	-6.44891
-12.9643	-8.58405
-14.3937	-6.98741
-15.1136	-10.5809
-9.0863	-14.3849
5.04436	-18.5998
6.01548	-12.7595
5.32384	-9.42718
-8.05841	-5.30265
-12.0642	-12.0095
-12.2455	-10.849
-10.6773	-12.4781
-11.0503	-13.3319
-10.4974	-9.81811
-9.11535	-8.06709
-6.47105	-8.19752
-2.02733	-8.86746
-0.138708	-8.06099
0.636525	-8.45882
1.67333	-8.45497
2.36747	-9.51519
5.14379	-12.1731
6.66333	-15.6285
1.84128	-14.8948
5.04097	-18.6031
3.04497	-19.1428
5.64722	-21.2319
4.88477	-11.6295
6.19547	-18.8889
0.950009	-12.8293
2.6022	-18.5902
1.76184	-16.6812
0.118912	-16.4239
1.59837	-13.209
0.783453	-13.333
8.39271	-9.37144
8.78042	-1.38421
10.5429	3.28946
4.78488	-3.06272
5.47554	2.08836
2.13295	5.57135
1.11414	-0.545863
5.89447	-2.31799
2.20193	0.312144
1.48	-4.14134
1.20701	-8.29766
-0.126792	-3.00333
-0.901361	-6.77687
0.709536	-7.86188
2.1466	-1.6333
1.47272	-2.10471
-3.47196	-2.99113
2.94879	-2.41322
1.78104	-6.81206
-2.07435	-0.847876
3.09996	-3.53813
3.06483	-9.94954
5.84007	0.411901
4.38676	3.80765
3.39841	4.36495
5.17264	-4.09033
-13.973	-24.978
-15.728	-28.5377
-13.1591	-33.1222
-11.4738	-29.1144
-10.5652	-25.5161
-4.52667	-21.991
-2.92656	-20.4224
-3.52852	-19.0134
-1.95133	-16.7302
-0.849088	-14.7901
-0.471519	-16.7798
-0.769621	-16.4238
-1.84402	-16.067
-2.23469	-15.5543
-1.89239	-15.5618
-3.63019	-18.1305
-7.77883	-21.1161
-12.216	-19.1612
-14.848	-12.4516
-16.2165	-4.77152
-12.9316	-3.74833
-12.1996	-4.23458
-4.22235	-7.76168
1.35708	-4.55399
-7.1768	-7.18782
-9.73114	-0.903212
-5.47623	-3.77952
-9.97775	-5.30862
-12.2585	-8.4662
-9.61633	-16.4797
-9.71497	-15.2855
-6.82037	-13.2675
-2.60377	-23.0035
-6.1601	-21.1714
-9.75396	-16.1165
-6.41278	-20.1942
-6.17107	-24.0554
-7.26201	-26.8491
-7.47441	-30.7137
-10.0426	-32.7502
-11.0798	-34.9381
-13.9421	-33.7417
-12.4192	-33.6884
-6.52853	-18.6622
-6.11825	-19.7307
-6.09203	-21.1361
-4.77561	-22.576
-3.87214	-21.957
-1.36841	-21.0946
1.91024	-18.595
0.8102	-18.9095
1.09109	-20.3245
0.0345246	-11.4561
-0.799701	-30.7487
-3.79625	-23.6447
-6.21503	-24.2087
-6.80143	-21.6088
-5.31573	-18.9757
-5.90721	-19.4366
-7.7342	-19.4321
-10.8047	-17.8671
-11.0292	-17.0027
-8.89637	-13.8361
-8.18621	-14.0121
-7.25443	-16.5806
-5.02607	-20.2121
-4.35849	-18.2783
-3.8075	-13.131
-1.39813	-11.1758
-0.887535	-15.438
-0.479438	-6.80277
-12.3172	-4.63014
-22.681	-5.6352
-13.8155	-6.9354
-7.60511	-11.1146
-0.502066	-2.88197
-5.26169	-2.55675
-7.90683	-16.0449
-7.45231	-20.556
-2.81059	-14.873
-2.12754	-17.0775
-4.47054	-18.2465
-7.28431	-19.2152
-7.83589	-20.5341
-9.49594	-16.9333
-10.6266	-12.5411
-9.63676	-12.009
-6.84527	-13.7596
-1.37962	-20.1883
3.22892	-25.8654
3.18284	-24.5919
6.26612	-26.6603
9.17938	-26.7216
10.4271	-26.7349
3.86036	-20.5078
-6.69538	-11.0033
-1.57854	-15.2727
-3.41627	-12.9473
-2.4593	-13.0148
-2.39519	-13.4692
-3.20292	-13.5946
-3.14506	-12.9374
-3.64778	-14.3833
2.95236	-5.00084
-7.89081	-0.82525
-13.6731	-4.02167
-14.0294	-1.1205
-8.40434	-3.5031
-8.97817	-5.24993
-7.25804	-9.42513
-6.6641	-10.8919
-8.52289	-18.8497
-4.58347	-16.1906
4.66431	-14.3454
-1.71579	-25.4409
-3.12851	-23.8049
-0.412289	-25.4616
-2.30827	-23.8095
-2.7113	-22.2907
-5.31077	-19.4951
-6.41178	-18.1527
-7.98637	-18.018
-8.71719	-16.2177
-7.82913	-16.3296
-5.90025	-17.4307
-5.75342	-16.5088
-7.78294	-13.6968
-9.57968	-11.5763
-12.9892	-6.92223
-13.9737	-8.60743
-11.0828	-13.9976
-0.262056	-26.7076
4.27473	-23.4164
1.97303	-22.4102
-6.52039	-17.3219
-9.53707	-12.3705
-5.66271	-12.3101
-9.40762	-10.8386
-10.9728	-13.7708
-6.76077	-17.3047
-4.78563	-18.6691
-8.13648	-16.5346
-5.40264	-14.9394
-4.84793	-16.5989
-3.53272	-19.2286
4.4982	-21.7102
3.79863	-21.0502
-1.41512	-21.1837
2.23734	-19.8432
8.60222	-16.3753
1.70597	-20.4701
4.6969	-24.5125
-0.769336	-21.4063
-0.88178	-26.6043
-3.48214	-23.4528
-4.09822	-27.6027
-6.85525	-25.0722
-6.56715	-27.134
-4.95387	-27.5148
-6.26317	-27.8341
-7.71762	-25.5394
-3.94168	-27.0997
-3.46944	-29.5608
-2.40878	-28.4065
-1.81737	-25.5423
-0.00991552	-24.6718
-0.557215	-27.0641
0.957944	-18.8823
3.13236	-18.147
5.4767	-17.6948
7.92058	-15.8136
13.625	-9.49252
7.67608	-13.5017
8.3736	-3.97397
4.10941	-5.6398
3.10265	-3.87098
1.94529	-6.64584
2.85352	-4.26227
1.44022	-5.42063
2.02929	-9.51148
-1.52026	-6.5667
3.48732	-7.11507
1.93888	-7.96829
4.22549	-0.865666
0.585557	-6.53899
-0.117214	-2.03164
2.46724	-5.74659
3.01876	-2.33836
2.58773	-2.17431
3.68203	-5.44563
2.0834	-3.47214
4.45743	2.62682
2.23267	-5.96338
1.33812	-1.1657
1.78263	-7.549
4.41026	-5.27906
-4.33389	-27.7768
-7.35982	-35.408
-0.397195	-24.4715
6.11648	-21.8521
-0.726395	-23.9385
-7.02844	-28.4812
-4.85504	-32.1207
-6.044	-34.3744
-4.14783	-30.5733
-5.06475	-14.674
0.642757	-9.32828
-3.99595	-4.79027
-11.5298	-5.43607
-12.358	-8.57497
-9.13625	-6.17115
-11.0286	-4.36834
-6.95273	-12.3176
0.00391334	-11.1614
-4.58337	-15.8394
-6.19385	-19.3748
-7.84134	-20.2029
-6.11009	-20.6358
-5.99136	-20.3835
-1.60578	-25.6908
-0.00855859	-28.6374
-0.00427859	-30.3399
0.829164	-26.5542
-4.14975	-20.8646
-4.01953	-19.0139
-3.8706	-20.0875
-4.90952	-18.0188
-3.09184	-17.5513
-6.20066	-16.1674
-5.63473	-14.9806
-2.97319	-19.5667
-3.51669	-17.5151
-0.566913	-22.7615
1.25573	-30.7891
5.9066	-33.5843
8.34627	-35.1414
6.62801	-36.7363
2.84544	-31.6949
-1.96567	-28.4221
-5.29251	-23.8551
-8.4293	-22.5668
-10.8486	-19.3465
-13.3563	-16.9373
-14.1167	-15.7961
-15.4713	-14.2402
-13.1032	-12.0161
-10.9964	-8.03883
-6.60483	-9.80749
-0.519367	-16.4714
-0.428787	-15.7893
0.439	-5.39482
-3.09144	-10.6206
-4.76003	-20.442
-7.20446	-16.997
-10.8595	-17.7035
-8.86508	-19.0945
-8.26168	-21.4081
-6.99756	-23.286
-7.10861	-25.7307
-5.10385	-28.5663
-3.45944	-30.1493
-0.175889	-27.0755
-2.39723	-27.2765
-3.61476	-27.1896
-6.01801	-24.9579
-4.56266	-28.5648
-3.05229	-25.8291
-3.17617	-17.7762
-0.563866	-16.4803
7.83928	-12.1474
5.1586	-5.46055
-1.04989	-18.8308
1.0207	-15.06
0.75323	-15.4163
3.0502	-30.5025
-3.17942	-32.1735
-7.27445	-28.4459
-3.89388	-26.2501
-1.56348	-23.6715
0.708209	-20.0673
1.23227	-27.2054
3.37837	-25.7392
4.73774	-27.0843
6.30664	-26.4935
7.93959	-26.0431
7.5615	-25.7977
8.76621	-25.8799
7.67595	-22.9094
2.17274	-17.4291
-1.5901	-16.5407
-2.01277	-16.0804
-1.46635	-22.0809
-2.27413	-22.6308
-3.24903	-25.1735
-6.26276	-27.2539
-6.1619	-29.9882
-7.46991	-31.3189
-8.41705	-32.9453
-4.7142	-33.7828
-4.92838	-31.9889
-5.09048	-31.0029
-6.27852	-29.8148
-6.77493	-30.514
-8.35771	-32.9703
-7.54676	-31.8545
-7.47099	-32.5889
-7.85824	-32.6256
-6.64016	-34.9922
-4.78172	-35.8854
-4.92475	-32.7465
-4.00855	-28.6228
-2.94188	-27.216
-1.80169	-23.8044
-2.63491	-19.0093
3.50435	-17.7781
8.43214	-19.7026
5.80675	-13.2249
3.12835	-9.56229
4.53222	-13.1583
2.98347	-13.5121
8.37892	-17.8793
2.53932	-15.5829
8.6681	-15.9043
6.61855	-10.938
6.01682	-5.42812
5.73065	-14.5896
6.14567	-12.0109
2.24073	-10.1901
-1.46865	-8.36142
-0.32621	-5.49348
1.81346	-16.0129
2.80451	-11.2961
-10.3899	-9.71582
-13.4863	-9.69002
-9.46093	-14.0347
-7.20984	-15.6508
-9.2163	-14.6627
-8.46175	-18.6024
-6.13808	-21.9235
-5.74622	-20.9731
-2.13538	-15.4988
-5.96279	-10.2997
-8.10367	-10.5741
-4.14067	-9.73334
-4.08245	-15.0956
-6.24544	-10.5721
-7.85937	-10.3581
-18.7047	-2.77327
-17.7625	4.72107
-17.2065	-4.2872
-11.3102	-9.35806
-5.09536	-8.44082
-7.75837	-13.2745
-5.28959	-14.4316
-4.94809	-10.7382
1.8588	-3.24122
3.40475	-1.70203
2.94695	-7.59759
0.791821	-1.49692
4.48482	7.13713
-4.82002	-11.5652
-14.9787	-15.4874
-19.0059	-15.3352
-17.0426	-16.0749
-14.9776	-15.5292
-14.6792	-11.4441
-8.25256	-17.5224
-7.29192	-9.79262
-7.65553	-2.52374
-11.5474	-6.77782
-16.3071	-2.50983
-16.449	-5.09005
-19.4929	-6.21183
-14.0132	-8.90688
-17.3785	-11.0623
-18.1626	-10.2593
-8.61613	-15.6678
1.39991	-24.0376
-0.506725	-31.667
-3.78248	-31.9232
-4.12023	-32.1125
-4.67326	-33.3241
-2.89706	-35.0629
0.564741	-35.8281
1.98227	-37.2113
5.00727	-34.182
7.53741	-26.9942
2.78482	-16.6336
4.54737	-12.0865
4.55976	-14.6313
0.693143	-8.90063
2.65359	-9.54918
4.50658	-15.6571
6.37213	-13.6891
8.55903	-16.9794
1.99445	-15.9412
2.70999	-24.7963
7.18246	-30.5381
4.54794	-25.7192
3.99348	-23.4965
1.50913	-21.3291
-0.136845	-20.3183
-0.979019	-19.9453
-3.73888	-19.5003
-8.54176	-12.2265
-4.74699	-8.71695
-9.69751	-7.24841
-8.21097	-12.2961
-10.1455	-6.79816
-5.1334	-4.66466
-3.98745	-9.97696
-2.09302	-10.9274
-7.00588	-15.2347
-8.89293	-15.2131
-7.80379	-9.32833
-1.15426	-7.60112
0.642314	-11.063
4.6725	-8.43219
-2.47222	-2.80476
-9.44308	-8.91358
-10.4228	-8.45325
-12.1156	-2.43751
-5.97876	-5.02169
-14.2665	0.198046
-14.7163	-1.11442
-14.8964	0.190694
-15.5115	-4.26505
-15.2744	-1.57151
-19.2101	-4.00924
-17.0339	-3.67581
-18.351	-1.78384
-19.2946	-1.01771
-13.4969	-2.07572
-16.2005	-0.673474
-13.0864	-4.66783
-3.78098	-0.609312
-6.11136	-3.02865
0.692817	-0.217163
3.60334	-4.43526
3.23006	-4.46668
0.114318	-5.38278
3.13678	-0.534783
4.03499	-13.7877
4.99875	-8.22171
1.38621	-10.2293
-0.461194	-0.242435
2.2625	-1.60513
2.7321	-4.80462
2.25787	-4.55331
6.16015	-1.10862
3.02209	-2.4045
1.56439	-0.948864
2.59584	-2.8981
4.85109	-2.84005
3.01616	-2.36538
5.89753	-4.61962
8.73065	2.9819
0.268414	-3.20822
4.10105	-1.78787
-1.26273	-3.02635
1.79744	-6.95421
5.47077	-5.39201
-3.63369	-15.2286
6.46764	-4.69014
0.401082	-4.92725
-14.0991	-15.8706
-3.99847	-12.0965
-11.676	-20.9894
-11.2716	-23.9186
-6.18956	-19.1993
-3.73926	-15.9145
3.53017	-9.25297
-18.2733	-21.0813
-17.0289	-24.0903
-14.9033	-29.4975
-17.2411	-24.3874
-11.4979	-29.9972
-13.1828	-26.8513
-12.1398	-26.4196
-8.04779	-25.8293
-4.26826	-26.1902
-8.17048	-14.4593
6.12515	-15.7165
4.139	-8.90593
3.79016	-9.8881
3.53616	-15.8773
5.66072	-11.1763
1.07471	-8.35173
-10.6975	-18.0946
-11.3374	-16.0499
-8.93533	-20.3307
-7.11351	-34.4304
-7.32546	-35.6453
-8.48959	-34.3213
-8.20352	-37.0004
-7.48147	-35.2104
-4.21005	-35.8151
-4.20701	-35.8359
-3.95453	-37.4469
-6.58897	-37.9488
-7.55907	-36.2956
-12.1356	-33.3945
-18.0659	-28.0206
-18.5822	-20.343
-8.70642	-22.1075
-2.57769	-23.5694
-4.64326	-25.2873
-7.0529	-26.6702
-5.14607	-26.6342
-7.98886	-25.2534
-7.82009	-25.3688
-11.1146	-35.6605
-8.51956	-36.3377
-6.19227	-33.473
-0.819745	-30.8655
0.538335	-24.9288
-1.72869	-27.9367
-6.1913	-25.823
-8.08898	-25.6034
-9.34397	-21.9111
-12.76	-19.4001
-11.9901	-24.0698
-6.61811	-31.3459
-2.58044	-23.13
-3.29112	-9.0969
-2.46465	-10.9939
-5.15098	-15.2853
-10.2783	-12.0794
-7.18281	-6.55081
-9.23884	-14.531
-8.41546	-21.5744
-4.9722	-18.7258
1.8998	-13.6439
-4.38088	-19.7032
-10.2398	-17.3067
-12.0875	-14.2668
-8.34912	-18.1963
-7.0328	-20.8054
-5.20249	-21.2879
-5.32965	-17.7899
0.216872	-11.6746
-1.27272	-16.1262
3.42988	-23.009
1.77774	-23.8634
1.30082	-27.2043
4.93544	-29.5133
6.5323	-31.3276
6.5579	-28.6513
6.29501	-28.3964
10.7642	-28.5181
11.8796	-28.5142
9.8192	-28.165
3.58105	-22.2882
-0.53924	-27.83
-0.388769	-32.7438
-1.404	-34.4296
-3.77739	-33.319
-4.11672	-30.9473
1.00245	-25.4537
-0.234209	-23.3841
1.32331	-25.0543
-1.34048	-18.4322
-1.08647	-15.9964
-3.71496	-15.9361
-2.61613	-11.0117
-7.78902	-9.47537
-6.22026	-5.55159
-6.66816	0.237732
-4.30564	-5.03592
0.0629933	1.54286
0.0724354	-4.69861
5.82574	-5.39214
-2.44034	-21.94
-5.98902	-13.5511
-10.2928	-13.4248
-12.1208	-14.4186
-10.6148	-16.2825
-10.3526	-17.1271
-8.77856	-20.853
-10.825	-21.5777
-11.4156	-22.2926
-10.4593	-21.4903
-9.69259	-21.715
-8.70188	-23.1617
-7.05621	-22.4047
-7.86937	-21.6698
-6.99945	-22.3935
-3.82632	-23.6447
-2.76337	-22.1128
-8.44351	-13.6819
-13.483	-11.7393
-12.7575	-9.93086
-7.15456	3.39047
-10.08	3.54925
-16.4573	-1.27192
-17.0872	0.182262
-7.07182	-4.16444
-4.4888	-1.71953
-2.12841	-10.5388
-3.48856	-8.78128
-4.41513	-0.283087
2.1932	-1.38685
-8.63993	-10.3123
-11.3806	-3.9106
-5.65754	-7.25272
-7.18818	-10.2937
-3.73682	-14.6452
7.83591	-18.3764
9.28617	-19.084
8.5565	-19.4906
9.0714	-16.9785
10.9887	-16.3141
8.83395	-16.2301
4.11868	-13.8223
1.9991	-12.5611
3.77614	-12.4903
5.85505	-15.2341
8.16911	-1.45006
2.91866	-7.68628
-3.25335	-11.2701
-6.6962	-15.559
-11.872	-20.7586
-7.29003	-16.8806
3.2913	-23.124
-4.89244	-23.911
-1.80374	-18.1867
-4.77999	-19.717
-6.15725	-22.6887
-6.42383	-23.5388
-3.29443	-25.4019
-1.54088	-25.4967
-0.650858	-26.3803
-0.173418	-27.9435
-1.33047	-26.447
-0.344646	-25.5022
0.293805	-27.1536
-0.299791	-25.2992
1.97336	-23.2339
6.20884	-15.3577
3.34849	-16.4742
1.68415	-14.4413
5.10184	-17.276
2.82389	-15.2527
5.45295	-15.1809
4.59533	-18.8838
0.1122	-15.8901
-5.89365	-20.7897
-11.5252	-16.1143
-13.1839	-14.8968
-9.44517	-18.6751
-8.67016	-12.5388
-11.5017	-15.8642
-9.14454	-19.019
-4.43598	-15.1863
-3.73789	-15.3896
-5.37093	-9.75952
-8.43037	-11.7896
-12.301	-16.458
-12.8705	-14.629
-18.5708	-11.3168
-14.8837	-8.28621
-8.40713	-11.2376
-10.7254	-16.0725
-7.35727	-13.6622
-2.46526	-8.42459
-9.19088	-19.037
-10.8073	-18.4753
-14.9271	-10.7345
-10.5684	-11.642
-3.89906	-9.59466
-5.51524	-7.5144
0.442907	-5.83713
-4.1853	-10.5196
0.603669	-9.47627
-8.26562	-9.38412
-1.50403	-11.0045
-3.31514	-10.3603
3.67446	-5.77805
1.88008	-8.50787
0.292658	-8.47392
0.477311	-9.38319
0.158662	-15.8471
3.49872	-5.59625
2.49832	-6.34692
-1.56735	-5.14314
1.86456	-6.32752
-2.73118	-5.8413
0.898729	-6.12956
2.82373	-4.32325
-0.195627	-1.80484
4.78878	-3.44304
5.31281	-1.58463
6.02149	0.468304
1.10433	-0.226049
-4.5837	-3.77506
-5.47671	-7.83972
-9.77752	-9.06764
-4.74534	-1.45783
-9.21486	-2.29928
-13.5804	-7.67793
-11.8394	-12.7606
-4.66021	-14.2332
0.283356	-27.7644
1.14327	-31.9852
2.11896	-36.0793
0.999039	-35.4333
1.87747	-34.5837
3.055	-33.0903
2.18251	-29.6311
-0.675595	-19.367
-3.17215	-15.4461
-4.24237	-8.38482
-5.47107	-3.97577
-11.6765	-10.7695
-10.7431	-10.0828
-12.1112	-15.8841
-14.4099	-9.96344
-5.2606	-9.73598
-3.49583	-16.6186
-8.88144	-12.9298
2.36115	-17.0407
-3.99548	-24.8551
-3.29916	-22.4217
-3.01799	-19.4259
-2.78977	-17.9946
-4.97263	-14.1472
-5.06659	-14.5004
-4.58076	-12.2031
-4.14627	-11.1125
-2.63525	-13.4478
-1.6086	-14.8346
-1.0213	-16.6615
-0.634236	-19.3326
0.238182	-20.3777
-1.39946	-24.2248
-1.5538	-26.2399
-3.07836	-27.917
-3.23142	-27.8516
-0.0999905	-26.5145
-0.739173	-24.5751
-2.39204	-23.3832
-6.15357	-23.723
-2.81721	-23.7372
-4.54137	-26.2127
-5.6682	-23.3083
-6.48483	-16.7261
-5.33879	-21.354
-0.779383	-28.0402
3.66955	-19.2624
-14.8179	-7.7404
-11.8928	-3.02178
-10.8733	-1.84288
-13.8621	-1.98131
-19.9542	-5.174
-15.7357	1.83397
-16.7359	-9.29273
-13.0839	-10.3972
-5.79614	-0.553406
-4.56427	-12.1994
-5.34595	-30.0836
-4.23967	-19.2046
1.49351	-6.45473
-2.85298	-7.24858
1.56058	-4.48044
2.39548	-6.532
7.86731	-11.6461
3.91161	-4.57494
2.75087	-4.30487
-2.37754	-8.07003
5.44663	-11.5012
5.21923	-13.4117
-11.0798	-17.6519
-11.3231	-22.9194
-10.4664	-26.7831
-11.0009	-24.9528
-9.72272	-25.1921
-4.07812	-22.8013
4.37106	-21.352
3.61707	-20.3009
5.04465	-18.5098
4.69192	-17.2309
4.36632	-18.6877
4.69967	-17.5644
7.84664	-15.9175
8.31928	-17.3419
8.77016	-18.0144
11.0684	-21.3556
7.82313	-19.0983
10.4425	-20.9663
12.1603	-23.3896
9.28177	-22.2718
1.88975	-18.148
-1.52792	-22.3245
-2.33066	-25.6326
-2.83809	-26.6348
-4.45537	-27.6859
-4.28908	-28.6515
-5.01081	-29.2436
-5.37286	-30.2188
-5.12275	-30.965
-5.28445	-30.6427
-5.46275	-31.1665
-5.10239	-32.0179
-4.27701	-31.8167
-2.37347	-32.3329
-4.81391	-26.2579
-8.13378	-23.1317
-6.34222	-28.1846
-4.86202	-21.036
-1.83546	-8.40157
-8.31318	-9.04172
-11.8063	-12.2447
-3.36103	-10.076
-10.7845	-5.90692
-3.58081	-5.21233
-8.86909	-6.04656
-11.5401	-6.833
-10.1765	-4.84886
-7.51239	-7.05424
-10.1362	-10.6585
-13.3121	-15.3494
0.514042	-12.5191
4.81525	-14.498
-1.79058	-13.2822
0.641095	-10.4202
-0.212264	-9.08189
-1.7558	-7.77215
-0.95098	-6.17715
0.156025	-3.20756
3.73248	-2.24044
1.31562	-22.5898
4.34126	-32.4073
7.63263	-10.534
7.55275	-14.0091
-1.702	-23.3776
0.374724	-29.0452
-1.37636	-19.4916
-8.84064	-11.6889
-12.3788	-10.534
-12.2768	-16.21
-8.9241	-17.9577
-8.69797	-16.4945
-12.4311	-11.9119
-14.2028	-8.86162
-18.0521	-8.76565
-15.543	-6.49289
-13.5611	-8.86325
-6.67368	-15.1981
-3.04576	-24.0993
-1.80024	-31.2323
-3.35577	-32.6775
-3.38588	-33.4076
-0.0785439	-30.3809
4.59288	-21.7773
3.65622	-19.0907
2.77998	-16.3934
1.61391	-10.8092
4.16311	-16.4994
6.22675	-12.3734
5.85005	-14.911
3.95778	-9.86881
5.38349	-12.7715
2.2141	-10.4632
2.46886	-11.1937
-3.03841	-15.0834
-5.7264	-18.1657
-1.0608	-26.5828
-1.85561	-31.5268
-2.75919	-34.1492
-4.10672	-32.7915
-6.15628	-31.4074
-5.84098	-31.1494
-4.3174	-30.5634
-4.38471	-29.6713
-5.87584	-27.7269
-5.75459	-28.0013
-6.27581	-27.0108
-5.21575	-28.7638
-5.65833	-28.4027
-6.51634	-30.1833
-6.65595	-32.5583
-5.85934	-31.4278
-5.77959	-28.7938
-6.22283	-25.9785
-5.3026	-21.0038
-4.97763	-18.8694
-1.93509	-19.4315
-6.76249	-14.6874
-3.93932	-13.4267
-2.63803	-14.5792
1.76863	-10.8799
-0.513485	-11.6893
1.6233	-10.8102
4.35097	-6.55207
-5.25349	-10.7093
-6.96018	-9.28858
-6.71496	-17.2901
-3.21056	-9.41812
-2.16074	-5.42053
-3.58822	-9.43519
-7.06069	-5.55092
-3.62539	-7.34261
-6.13925	-7.24754
-9.17034	-8.0154
-10.8971	-15.1701
-14.0945	-19.2219
-6.15583	-4.40006
-5.33189	-4.92681
-6.58762	-0.383444
-2.74836	5.99087
-4.01642	4.99379
-2.61835	-3.78308
-0.44767	-3.412
0.342108	-2.68278
2.78592	-3.32059
0.08042	-3.49928
-1.8036	-7.1681
-0.345971	-6.5
1.37297	-6.63097
1.72722	-9.37316
7.74079	-10.0432
3.65424	-12.7754
-0.0918994	-10.335
-1.02686	-17.5907
-1.75899	-13.2167
-1.39785	-21.0449
-6.17088	-24.4755
-0.807099	-21.8568
1.86734	-27.1022
-1.34105	-32.9295
-1.68108	-35.1366
-4.12355	-33.3565
-3.47459	-34.256
-3.91326	-33.7354
-5.10994	-34.621
-6.62985	-36.4238
-9.37408	-35.6093
-11.0846	-33.8777
-11.0207	-32.9106
-10.2365	-33.9674
-9.23832	-33.7206
-7.11596	-33.6019
-4.93145	-33.2764
-3.7975	-33.5338
-4.41344	-30.6807
-3.4319	-27.739
-2.02754	-29.9133
-4.99468	-26.3833
-3.81897	-27.0168
-5.13317	-27.6442
-5.83095	-26.9948
-6.16852	-30.9728
-4.16791	-25.7342
-2.81735	-28.8601
-0.871052	-29.5332
-1.22674	-27.2752
-0.976233	-21.3026
-0.993943	-18.1248
-1.6803	-19.2339
-2.65943	-20.7821
-2.6448	-19.2706
-3.07892	-18.9054
-3.14399	-17.3757
-3.32992	-16.9583
-1.62906	-17.1798
-0.149529	-18.249
5.39706	-24.0072
0.652753	-27.2221
-2.19183	-20.3383
-2.59136	-21.8732
-5.11527	-20.2067
-4.97865	-16.5027
1.5983	-17.4844
-2.19168	-7.03489
-9.95279	-7.674
-6.21108	0.966524
-9.06177	-5.82482
-10.1491	-12.1543
-11.3828	-10.6932
-10.6535	-7.56312
-12.4367	-9.54146
1.05967	-11.5753
1.49969	-10.5061
-4.34264	-16.8492
-8.20135	-15.2516
-9.37475	-11.7525
-8.61307	-13.569
-9.3805	-13.9456
-9.13308	-12.0319
-11.1085	-12.6896
-11.0232	-12.5437
-12.8303	-13.0433
-14.3076	-13.1973
-12.171	-13.4978
-6.01949	-7.33868
1.21006	-4.83797
-1.54828	-4.73031
-6.37142	-4.44531
-8.92619	-14.2917
-7.48245	-8.60541
-3.28964	-9.26776
-14.1044	-12.734
-16.3043	-10.1064
-14.2731	-14.8742
-13.4065	-16.2193
-14.1131	-15.9902
-13.0629	-18.8118
-11.5325	-19.8238
-6.56728	-18.8647
-0.249913	-13.9508
-2.02236	-13.1921
-2.90791	-11.0365
-0.201533	-13.033
-7.60518	-6.03002
-2.48114	-0.926958
-6.8412	7.44582
-10.4016	2.49125
-10.3349	1.65278
-10.4145	-7.3647
-5.46068	-10.1381
-3.11783	-15.1568
-4.51538	-17.5022
-6.62803	-17.3603
-8.57487	-17.9762
-4.79564	-23.4423
1.42349	-26.9256
3.69756	-22.1247
-0.353474	-24.4018
-1.86937	-23.6107
-5.07323	-19.5807
-8.9061	-13.0642
-10.2326	-8.07594
-6.92557	-10.001
-8.49942	-8.18027
-7.43085	-10.1769
-5.94549	-12.0018
2.70565	-26.6772
2.90284	-27.7922
1.70279	-26.8772
3.02545	-26.2427
-2.05143	-23.6328
-1.06706	-17.2601
2.21793	-15.048
3.93687	-10.0742
-7.5874	-6.64282
-12.2792	-18.9985
-9.58551	-16.3167
-3.83855	-7.63642
-11.1508	-11.9336
-12.579	-14.5506
-13.7933	-13.7717
-14.1445	-13.9874
-14.4152	-13.3332
-13.8915	-11.1883
-8.15557	-4.44039
5.21383	-11.3123
4.14132	-7.6926
1.95852	-9.88345
-4.2006	-20.2706
-7.51577	-13.4641
-8.15703	-17.2689
-4.31588	-16.0743
-2.5021	-0.924423
-13.3342	-14.5463
-13.8941	-10.5208
-12.3703	-10.3682
-13.7301	-9.65345
-13.0551	-12.3837
-9.30273	-16.7404
-7.93683	-17.5924
-7.7932	-17.8045
-6.40426	-17.9623
-2.61411	-17.5327
-2.97973	-18.0452
1.49663	-18.3848
2.23975	-15.6717
1.23938	-15.3814
4.06558	-14.5314
2.59359	-12.8677
3.93755	-7.48167
-4.10367	-14.4684
-13.1291	-27.3959
-2.76247	-28.2097
-0.724573	-29.3675
-0.741308	-25.9349
-4.51367	-27.9269
-3.70312	-30.6897
-2.41368	-30.101
-2.27738	-32.4186
-5.2365	-26.3381
-4.09714	-26.8041
-5.00448	-29.2529
-3.84766	-32.0617
-3.7778	-33.3763
-4.6331	-33.3624
-6.98025	-30.405
-5.02497	-30.7116
-5.77479	-31.9904
-4.70209	-25.3214
-6.75984	-15.9337
-3.62282	-13.2292
-3.10635	-6.89401
-0.868123	-5.19344
-1.33768	-2.49004
-1.82053	1.27364
-3.01006	7.55141
2.93519	7.10263
-0.311304	1.46137
-2.11626	2.72874
-7.12939	1.01654
-2.54153	0.47754
-4.19421	-3.01194
0.184972	-2.84666
1.14274	-1.71881
3.51414	-10.6438
0.960798	-3.58755
4.77519	-1.58323
0.626572	-3.0398
-1.71258	-7.1532
-2.15842	-8.19766
4.20982	-2.8405
2.35657	-5.0216
-0.457698	-6.79242
-0.256684	-8.14566
4.16702	-11.4977
3.89653	-5.86965
-1.14918	-6.06509
0.478085	-4.00541
3.95222	-6.23208
-6.0465	-3.4003
-0.89725	-4.14254
0.554064	-2.67063
3.20478	-4.69524
0.479075	-8.96919
3.61677	-6.94226
0.644594	-4.90973
-3.84167	-8.28469
-10.1907	-16.1427
-6.97862	-18.6832
-4.55567	-21.7902
-2.25239	-22.9877
-9.25782	-19.7267
-11.0829	-18.3964
-7.90294	-19.5939
-10.567	-17.8153
-11.7414	-14.5917
-12.3727	-14.1524
-11.1659	-16.3269
-11.2581	-15.7619
-7.94459	-14.6451
-8.54229	-14.9107
-5.34124	-2.45766
-17.8748	-3.75158
-12.0805	-0.671599
-13.4447	-8.21884
-13.7772	-7.9269
-12.12	-12.1147
-9.29099	-10.329
-10.3265	-12.5302
-11.144	-14.9389
-12.7691	-14.8692
-13.9725	-16.8986
-10.3462	-19.3061
-7.59444	-21.9714
-4.84794	-20.0299
-6.3234	-12.9276
-7.16977	-13.4351
-9.56243	-13.7291
-11.6646	-12.7535
-12.6686	-12.5372
-12.7195	-11.1942
1.08799	-10.8926
-2.04655	-15.9938
-3.75589	-13.4514
-1.59513	-18.2256
-4.25604	-16.2356
-0.482502	-14.203
-0.824679	-18.0848
-6.18029	-12.2008
-9.12096	-14.4671
-8.50813	-14.8241
-7.7356	-14.9297
-5.19299	-16.4847
-5.11055	-15.9956
-2.87617	-17.187
-4.61434	-16.1674
-6.09788	-13.775
-9.88234	-10.8785
-6.63098	-11.3382
-6.95041	-10.662
-7.46303	-11.6368
-7.00632	-12.6303
-1.93704	-20.2326
-4.83976	-17.2547
-5.44407	-17.7618
-5.1309	-17.5887
-4.32245	-16.4439
-7.46373	-11.71
-6.98048	-7.80541
-1.43459	-6.80398
-6.9315	1.02072
-6.21696	-2.85328
-6.09828	-3.09896
-5.83493	-6.27643
-4.91211	-10.5742
1.46495	-2.60532
-7.1471	-15.0675
-10.8155	-9.39217
-13.9411	-12.8818
-13.0627	-14.5673
-7.90506	-16.7794
-4.0278	-13.1981
-8.33316	-7.24938
-7.72611	-4.91688
-10.7701	-8.16407
-10.0033	-2.695
2.00184	-5.36317
3.76243	-8.04563
2.62658	-15.4479
2.74797	-11.2741
-0.246786	-5.82153
2.42846	-12.8552
-1.80995	-12.9982
-12.6787	-16.4895
-0.415507	-23.2848
-4.93872	-23.93
-1.37461	-28.9672
-3.46281	-28.8695
-2.49918	-31.9605
-2.68963	-32.3485
-1.44815	-33.4022
-1.28569	-34.8833
-2.24089	-33.0252
0.940362	-29.7427
0.809895	-22.2144
8.10137	-12.7312
6.04431	-20.6622
-1.83195	-21.5942
-5.3434	-18.4197
-3.93519	-12.1163
-7.43544	-7.91986
-6.1613	-7.87371
-5.10869	-11.621
-7.96694	-13.0401
-2.55397	-23.4045
-9.09458	-20.7301
-9.90589	-20.0775
-11.8341	-18.7229
-9.69041	-18.9901
-10.1596	-19.339
-11.2398	-16.194
-11.5254	-15.8577
-11.7615	-13.6811
-12.0423	-12.8825
-1.4671	-7.27456
6.14209	-8.33127
-1.78061	-13.4263
-3.53919	-11.1597
-4.25886	-10.4892
-7.17737	-9.5047
-8.25002	-16.6358
-7.49099	-17.1087
-1.76705	-13.9452
-6.42934	-15.3755
4.31225	-28.7054
12.3306	-26.7895
2.94729	-25.6324
8.75724	-27.5945
0.773278	-29.262
-1.62685	-28.4192
-4.19904	-25.6201
-0.905825	-29.0291
-0.780024	-30.324
0.914277	-29.6354
2.95717	-29.9642
3.12577	-29.9962
4.6473	-30.1492
3.56842	-26.2397
5.67137	-22.9468
8.19407	-19.3521
8.50842	-20.6413
4.64172	-18.7191
4.92702	-17.4027
4.62	-16.815
4.04894	-15.9368
4.31508	-19.8686
-0.197872	-24.5984
-7.59972	-25.2188
-9.28821	-23.4244
-11.1584	-21.487
-15.6394	-16.7777
-9.39031	-21.3223
-9.27004	-24.5862
-6.44005	-23.8137
-6.0174	-22.2947
-2.15423	-19.3731
3.63509	-12.3421
-3.53372	-6.3939
-4.21212	-2.97309
-12.3908	-4.33416
-12.0499	-6.2311
-11.5243	-0.831886
-17.2824	-2.20091
-20.4987	-4.67895
-10.9555	-4.6405
-12.4387	1.55772
-13.4392	-0.373699
-15.7914	-3.11834
-11.2812	-6.54059
-9.10255	-10.0145
-9.06992	-13.7587
-12.5889	-4.15231
-11.1621	-2.28078
-10.2484	-7.81559
-7.76017	-3.45723
-7.79963	-6.62283
-5.68192	-2.62685
-2.96386	-1.02695
-0.0517218	-5.5103
2.71675	-3.25246
-5.02309	-7.40395
-0.618898	-7.63355
0.441137	-8.2516
4.85184	0.0720408
-5.73261	-15.8765
-3.25302	-19.0429
0.417503	-18.8378
4.42079	-17.6753
4.6936	-21.9644
6.61053	-24.6809
6.5005	-24.3337
3.27112	-22.4129
0.0425664	-20.196
-2.92662	-14.019
-2.0873	-15.1033
0.311956	-3.92727
-0.592603	-7.68485
-8.68296	-14.5355
-14.321	-9.55091
-16.6943	-7.13732
-11.9836	-10.7691
-8.65481	-14.4473
-8.1569	-15.477
-11.7045	-14.3545
-7.05554	-19.5018
-7.63888	-19.5421
-7.57006	-16.9461
-4.14981	-16.8752
0.442611	-18.9956
7.1167	-23.3857
7.92278	-23.4433
6.54604	-23.7496
7.28627	-22.0974
-0.00455974	-19.9314
-4.90124	-19.4153
-10.9656	-12.6119
-10.5777	-13.1197
-13.3861	-12.7072
-15.2054	-13.5991
-16.8418	-12.4719
-19.2793	-14.0286
-21.6413	-13.6448
-23.2414	-14.376
-23.8525	-14.189
-24.0774	-12.8898
-23.9401	-13.3796
-23.9659	-11.0921
-22.9732	-12.2371
-19.9462	-11.6039
-19.1797	-9.3516
-16.3675	-9.6355
-17.3004	-8.77895
-16.7754	-11.8245
-17.1434	-11.6623
-17.8181	-10.9015
-17.9879	-8.76984
-15.5303	-8.0599
-14.9689	-8.23433
-12.7333	-7.6827
-11.733	-8.38266
-11.1814	-8.15085
-4.52006	-15.0465
2.51479	-18.1838
5.47943	-23.0958
7.28076	-21.6774
5.75619	-26.2551
4.57661	-25.9145
3.7538	-25.1036
1.95957	-25.102
1.56238	-25.2203
0.113195	-23.3978
0.366553	-18.8045
4.68235	-10.8839
0.954249	-11.4815
-5.82899	-13.9287
-3.5315	-19.5418
-10.2269	-16.7676
-12.8118	-9.13677
-8.96653	-12.8376
-14.8807	-18.0311
-12.3434	-12.8962
-8.91212	-20.2053
-8.14952	-20.1521
-9.61113	-17.3244
-7.25793	-16.7682
-4.78427	-16.5985
-6.11245	-15.071
-2.8837	-14.6947
5.5022	-25.721
6.27903	-23.1146
8.76385	-24.1767
9.04814	-22.375
5.75208	-19.2815
-6.38265	-9.88833
-0.822588	-13.1599
1.06294	-18.6084
-1.90413	-20.628
-2.52953	-22.3321
-0.853407	-25.2276
-1.23786	-24.4763
-1.70761	-22.0962
-0.204559	-12.8329
3.3215	-9.74492
3.30475	-7.00994
-0.216589	-20.2006
-3.54802	-27.2481
0.790791	-15.6659
0.785545	-31.6703
-2.35146	-34.7336
-2.96085	-30.1358
3.761	-34.8114
7.56502	-31.0691
5.81324	-22.1907
3.51726	-17.1281
6.53267	-11.6013
7.73295	-13.739
2.94737	-9.81496
1.51511	-8.84005
-0.74665	-10.1926
1.33668	-15.2546
4.04132	-13.3647
0.203474	-7.60237
3.59038	-6.75181
-5.38221	-2.15256
-11.0431	-1.71191
-6.65341	-6.06819
-4.61404	-12.7826
4.46075	-17.3442
3.0059	-31.2843
3.35241	-34.8706
1.09615	-31.0232
-1.58983	-25.2605
-9.1059	-21.1072
-12.3379	-18.5539
-9.60739	-17.0046
-15.4971	-11.9923
-8.87066	-13.7508
-15.2401	-13.8345
-14.3264	-14.3719
-16.7115	-8.88337
-11.9995	-12.2515
-8.9175	-11.7129
-4.67031	-9.7694
0.249858	-6.99544
0.137604	-8.58277
-5.43369	-13.2232
-3.39445	-9.12728
-1.63523	-14.8727
0.313439	-6.93445
2.18225	-6.65624
2.64415	-2.79132
0.687549	-5.04696
-0.887097	-0.977052
-13.2258	-6.16579
-10.2002	-3.5676
-9.46132	-2.29267
-6.13985	0.332763
-6.78688	-9.73323
-0.909594	-11.7388
1.42617	-9.567
0.58212	-5.41731
1.6587	-6.86837
1.7325	-5.20443
-0.410728	-1.82933
-3.80821	-7.59173
4.15281	-7.05235
3.82827	-6.94516
1.86549	-3.7458
-1.09575	-6.55104
3.39778	-6.96967
2.83114	-5.0182
3.14447	2.77377
3.7711	-6.38278
4.69696	-8.12414
0.0146229	-5.83193
0.907005	-3.26452
-1.55386	-11.3711
1.80071	-6.55645
-2.76167	-27.4494
-1.51866	-28.8906
-0.210129	-30.0648
-0.875156	-26.2491
-3.07696	-23.3752
-5.43048	-21.2817
-9.31345	-17.3031
-11.3393	-15.5496
-13.7777	-13.9148
-17.488	-13.5448
-19.52	-13.1835
-19.9358	-12.9659
-16.775	-13.7458
-18.1382	-9.11394
-15.5498	-9.08311
-15.7826	-6.8435
-12.1041	-7.26087
-11.3157	-7.25693
-9.81533	-4.89191
-9.40942	-5.72872
-5.71542	-7.30996
-2.96816	-13.2014
-0.272547	-18.4799
1.00553	-26.7833
-0.336983	-33.4409
-2.75794	-36.1335
-4.33108	-37.7334
-6.2025	-36.0603
-6.69319	-36.6467
-6.57191	-36.1505
-5.09909	-35.9166
-2.88769	-35.7017
-0.287787	-34.7733
4.10579	-35.423
7.86242	-33.0805
7.79047	-25.8601
4.95812	-22.8774
-0.165892	-19.0594
0.018748	-21.6815
1.34434	-24.3689
0.653609	-30.3329
-3.95773	-29.0279
-0.895441	-27.5971
2.25826	-30.62
1.49726	-29.1066
-1.55025	-19.5886
-5.77153	-16.5787
-5.97101	-16.669
-6.84019	-15.8468
-6.85603	-16.9808
-7.64991	-16.8645
-7.55199	-18.4427
-8.11272	-17.3402
-7.81982	-19.6735
-8.73815	-20.8116
-9.79075	-20.2919
-10.8604	-18.0813
-13.1232	-16.8611
-10.2455	-17.3089
-5.33917	-18.2137
-6.51277	-2.42822
-11.0806	-0.065558
-17.4383	-4.27292
-13.9035	-9.35324
-13.9706	-10.2609
-13.2215	-6.64642
-13.1718	-7.03725
-9.14865	-15.9509
-9.73489	-15.7423
-5.41508	-10.1124
-6.46662	-12.9441
-4.18098	-16.3363
-1.50241	-19.8063
1.24394	-23.6749
2.52768	-24.0426
1.17467	-22.6471
2.39606	-22.4054
3.24882	-20.8187
4.7264	-18.666
-0.357577	-18.8576
4.63173	-10.1345
2.57676	-8.64042
0.982072	-10.4623
-2.9977	-8.22091
2.38946	-3.61984
-9.41274	-14.1119
-19.2887	-6.40224
-18.7908	-6.47149
-17.8177	-7.54074
-16.0187	-9.1403
-13.9726	-10.8283
-14.6758	-6.51533
-11.1252	-4.59867
-12.5183	-3.91312
-14.6672	-0.909088
-15.6999	-4.37513
-10.234	-7.98072
-2.78515	-11.0637
3.32737	-7.62817
1.48225	-6.577
-5.31451	-20.0823
-4.54549	-20.3032
-7.95331	-16.5766
-3.96739	-21.0743
-2.2234	-16.1337
4.12712	-13.7008
6.70228	-11.8531
3.6301	-10.5165
2.9511	-9.81163
-1.44088	-8.17783
-1.11402	-8.73891
0.596742	-7.57864
-8.20199	-14.5629
-7.55582	-21.6874
6.89718	-14.0695
-1.56729	-26.5636
-2.6579	-33.1304
-0.0520426	-35.2587
-2.16513	-31.3937
1.67879	-28.4763
6.68721	-23.1442
6.52706	-24.9365
2.57225	-24.4683
1.13806	-27.0559
1.98648	-28.1728
2.31491	-25.5272
0.264404	-20.5577
-0.409333	-19.2705
-6.18977	-13.6647
-9.29161	-14.3015
-8.94152	-11.2434
-4.61335	-12.5222
-9.56431	-0.00341538
1.42018	-7.57571
-4.41898	-7.47682
-2.18283	-5.22312
-2.25275	-4.1361
4.28062	-5.00849
-3.88507	-12.6631
-3.04312	-21.1969
-4.15191	-20.5748
-4.71973	-18.9676
-6.94558	-14.7513
-8.64623	-11.0992
-11.2069	-8.13821
-12.7746	-5.9565
-14.0044	-6.43471
-12.1786	-9.8071
-11.1388	-13.8102
-3.80414	-11.3228
-0.84204	1.60934
-2.38983	1.66375
-10.6037	2.38657
-11.2498	4.72657
-7.22726	-4.60461
-16.3539	-11.6218
-6.07085	-4.55374
-4.52055	-15.333
-5.3744	-15.7788
4.3195	-14.4975
8.11762	-13.6662
-6.50115	-14.3034
-5.89856	-18.6039
-7.1306	-19.3409
-6.58936	-15.9688
-7.37811	-13.1534
-4.10077	-11.6382
-1.12411	-13.8043
5.46377	-16.1738
4.60725	-15.8011
4.67245	-18.1268
3.83354	-19.0938
2.33972	-17.7768
-0.926483	-15.3763
-2.15893	-13.293
-3.96813	-9.04017
-4.8353	-6.66171
-4.60241	-6.55442
-4.24281	-4.08615
-5.75459	-2.2569
-6.98701	-1.98095
-5.74778	-4.58741
-9.20703	-6.85793
-9.39866	-13.463
-8.24676	-16.4571
-11.1929	-19.313
-7.57996	-23.7716
-7.07405	-26.7797
-9.63224	-15.3992
-10.6729	-10.8439
-3.41577	-15.4469
-2.61519	-15.7686
-4.1764	-17.9069
2.81667	-12.5129
3.38692	-7.95229
4.34733	-9.36348
6.88943	-6.82883
3.163	-4.18399
8.2635	-2.0046
9.25414	-3.6726
-5.49056	-21.6265
-10.3396	-21.796
-10.9967	-29.1198
-14.2698	-24.5272
-11.373	-23.8019
-9.13539	-21.4394
-5.68101	-18.7602
6.33191	-19.764
7.57049	-20.1462
6.69237	-20.045
4.52711	-16.3399
1.89438	-16.9677
-4.10804	-15.2045
-5.71403	-14.9803
-6.21575	-14.9958
-6.96959	-14.5485
-9.45619	-13.8921
-10.4242	-13.8464
-3.4611	-20.3716
-0.795848	-21.7605
-0.776763	-15.9745
0.00375904	-7.75322
-0.163702	-6.78966
4.63817	-3.55544
3.22592	-6.47617
-2.30808	-12.0677
1.13649	-22.9283
-2.5715	-25.256
-13.2174	-11.6717
-16.2754	-6.45618
-14.5104	-10.458
-13.8276	-13.483
-16.0571	-13.5035
-16.6938	-12.334
-15.8435	-15.5226
-10.6705	-18.3847
-12.4149	-12.6293
-9.05159	-3.61703
-10.2462	-0.78683
-9.94952	1.24433
-7.65106	0.666663
-5.56996	-6.4871
-8.58407	-13.7799
-9.39396	-9.4793
-11.3378	-9.00266
-8.93424	-8.15406
-0.667433	-4.58218
-1.74389	-7.68604
1.09515	-10.7629
2.09662	-8.06658
-6.24136	-13.7409
-13.7234	-11.2523
-13.9291	-13.4784
-14.8285	-11.9536
-13.7132	-14.5087
-12.2898	-15.794
-8.68574	-19.7394
-5.5346	-14.672
-7.369	-16.7666
-5.07251	-19.9143
-6.67728	-20.5412
-4.04554	-11.9058
0.776182	-8.59576
-1.07112	-8.21022
2.54566	-13.4246
2.60734	-12.5389
1.80812	-4.44572
0.892778	-11.3847
3.28022	-9.61008
1.42705	-7.469
-6.21715	-16.4156
-12.3588	-13.4517
-17.3831	-13.4608
-10.3624	-16.0135
-6.72716	-16.7071
-6.38932	-11.2669
2.17215	-5.65529
6.49507	-9.64138
4.39768	-9.43995
-1.69618	-11.9501
-6.70217	-17.201
-6.54058	-17.2028
-2.102	-17.011
1.51376	-22.0871
1.27231	-34.3417
2.25217	-38.271
0.646886	-37.0227
1.87504	-38.46
1.0713	-36.6175
2.59908	-36.132
3.35388	-34.9872
5.50762	-33.5587
3.15037	-31.5023
0.653962	-26.8576
2.1062	-24.6272
0.909761	-22.4442
0.721568	-22.2792
0.168518	-10.1716
-1.60502	-9.04825
-3.76898	-16.6541
-7.1676	-10.5838
-9.99518	-3.62611
-6.19139	-7.29197
-3.97312	-19.831
-10.553	-22.0946
-12.394	-24.391
-13.253	-23.4764
-13.1737	-19.0706
-9.45215	-17.6357
-8.2274	-18.0096
-6.45126	-20.6945
-9.48925	-18.2797
-11.0737	-17.0935
-10.7644	-17.6821
-10.1199	-15.5634
-7.83409	-15.3628
-7.22059	-17.7467
-5.52274	-22.9668
-6.79559	-28.7306
-9.56762	-30.7397
-12.0164	-28.1633
-10.7735	-23.1113
4.30836	-28.5862
4.55351	-27.0284
1.78195	-27.7315
2.35507	-27.5634
2.44568	-28.7986
3.69801	-20.5326
0.687451	-14.4702
5.21368	-11.4657
-0.242981	-16.2963
-10.4538	-15.342
-5.09679	-17.7472
-2.74971	-20.7551
-4.51943	-25.2351
-9.37325	-19.7127
-9.77292	-17.971
-6.94119	-18.3683
-3.92121	-22.8805
-2.50602	-24.5515
-4.5941	-17.2138
-1.95329	-23.7764
0.518616	-26.9216
-1.96374	-24.3943
-4.7534	-19.6457
-5.08039	-12.2908
-5.76676	-12.806
-5.8672	-12.7053
-6.90549	-14.403
-10.2228	-14.9648
-11.5367	-14.9917
-11.2346	-16.2806
-11.3735	-16.3817
-10.0387	-13.0904
-9.01982	-12.4408
-4.9531	-14.8444
-2.67636	-17.8273
1.41784	-20.1025
6.12448	-22.372
6.42314	-28.0399
6.00714	-29.9311
5.13431	-29.4588
2.45482	-25.9084
-7.85356	-20.6122
-12.7055	-18.5654
-17.0315	-19.3381
-17.1476	-18.8425
-18.0994	-20.1487
-17.2765	-23.8612
-16.643	-28.4337
-13.5117	-33.0855
-10.2784	-33.6547
-6.80329	-31.6849
-5.11681	-27.6411
-4.83544	-22.9842
-6.79445	-18.6736
-6.0971	-17.3563
-3.76301	-19.808
-3.65011	-20.2961
-4.29502	-21.2537
-10.5044	-16.8726
-5.42569	-21.6233
-8.75714	-17.0019
-11.6074	-14.4417
-12.9938	-11.0103
-13.0578	-9.12045
-15.7538	-7.00216
-16.7436	-6.70899
-16.8801	-9.43743
-15.223	-13.6567
-10.4236	-17.5543
-6.22876	-19.4554
-2.75853	-21.4416
1.08054	-21.2701
5.93556	-19.8207
6.5836	-26.1967
5.02016	-27.0781
5.65122	-27.9593
5.55091	-25.44
3.77249	-23.4744
-5.45043	-15.2782
-11.2234	-12.2086
-12.7964	-16.4076
-10.1113	-22.981
-8.53297	-26.8439
-6.69638	-31.5284
-4.61034	-31.559
-3.27383	-29.5273
-1.57452	-27.19
-0.929461	-25.9731
-2.85076	-19.7739
-7.90957	-12.5022
-4.27696	-14.604
-0.788261	-8.32052
-7.55649	-0.510479
-8.80407	0.0867281
-9.38442	-0.580883
-8.1422	-2.49959
-11.4132	-3.30587
-11.0554	-13.4104
-6.03629	-8.84764
-2.38149	-6.44722
-3.94922	-5.90805
-2.8137	-5.58522
1.4954	-6.61724
-1.26174	-13.7658
-9.6699	-16.3859
-14.6287	-13.2965
-12.1553	-12.7804
-7.74266	-11.6139
0.556811	-10.9139
-0.552461	-15.2805
2.88909	-21.0264
5.12013	-24.2222
7.81386	-31.7847
6.21649	-36.8716
2.22963	-33.9368
0.431362	-33.6381
-1.05279	-36.1328
-2.73597	-35.8864
-2.35151	-36.4864
-0.247005	-38.5644
-0.248575	-33.7823
-0.685234	-34.0789
-2.34238	-30.7174
-4.57952	-29.1138
-2.60395	-22.9328
0.89834	-17.1627
2.12035	-21.8509
-0.957676	-21.8855
-1.93062	-17.7714
-3.42766	-18.4405
-3.9963	-19.1627
-9.62988	-17.2561
3.36188	-16.4559
1.22065	-13.0792
0.952469	-14.9049
-5.7581	-28.6392
-9.44303	-27.0277
-2.59572	-32.6591
0.729814	-32.8971
5.4899	-20.0155
0.692478	-22.5556
1.4375	-19.721
8.7257	-12.4081
5.3281	-12.6139
-2.23108	-11.1846
-3.68092	-16.0961
-0.0534843	-19.911
2.53364	-10.1151
2.55738	3.28991
-1.74185	-4.1264
3.97708	-7.16577
1.87145	-11.4923
-3.22814	-9.56312
-4.8186	-0.890656
-2.94309	-1.91307
-1.71195	-7.31364
-4.66951	-2.06556
-2.42647	-4.87162
0.205903	-1.68827
-2.62297	-8.44984
-5.6085	-11.1602
-2.95582	-1.96943
-0.716569	-6.02477
3.24957	-1.53118
-1.13451	-6.93619
-2.37722	-9.27534
3.40044	-3.21905
1.99782	-2.91646
2.24365	0.0699098
